"time"	"s.est"	"s.lower"	"s.upper"	"v.est"	"v.lower"	"v.upper"
0	13.9577829733469	1.85152112659537	33.9041556854529	27985.9498538032	27959.0610432346	28009.987170226
0.5	14.0229486616265	1.77746631875795	33.7915422767759	20985.9559604018	20959.0722403938	21010.649665741
1	13.9453014324758	1.76700455532085	34.1675843676637	8986.01207846896	8959.12783183273	9009.88657460207
1.5	13.7962659970472	1.70256946925129	33.9853887169795	2286.0900853555	2258.99718626669	2310.45697020282
2	16.4506468681218	2.19283231123985	38.5304908639797	1283.62964688965	1255.19403902815	1309.485900637
2.5	16.0127588184575	2.18429996117635	37.4435831461549	2184.01300823539	2155.70565226409	2209.44722168512
3	22.6214104988486	3.9497185775589	47.2433545571506	1277.14725309201	1246.30831667726	1305.03766509513
3.5	23.6755892257646	4.45714314530413	48.6107661706667	1676.18094715226	1644.84181548924	1704.33845480793
4	29.0042177343278	6.78640653431271	55.5204422437543	1271.04157947404	1238.20378182125	1300.44907537123
4.5	31.7504104882411	8.40825886823764	57.8876384034949	968.177063966261	936.662410814125	998.435218916571
5	44.5425057758051	17.2240128853396	72.3097657181259	755.379351826079	722.347516454419	788.460206917816
5.5	47.7561938077649	19.3586157547327	75.8867839870193	572.11295445222	538.107731385256	606.118224266905
6	50.5381117841083	23.306489624392	78.7015708100161	649.358573965447	614.922231362511	681.948746376836
6.5	52.7741592590341	24.5466704999899	81.1681902982718	457.147992181199	422.385155101212	490.154365701826
7	47.3640886539342	20.2083544260369	74.6105690938587	342.418874404795	309.178730897481	375.119654346897
7.5	58.5813447046392	29.7616977413694	87.031958133472	211.081651335223	176.782477408429	245.351806311931
8	53.771523857475	25.4251504021703	82.109485487414	285.99720617515	251.712993467864	319.512385411866
8.5	71.7219400612106	42.0608076593985	100.296350305193	228.00262995649	193.611938938868	263.145418179579
9	73.9419819136785	42.7763384963341	106.141103873084	48.1310582323152	5.40882804935492	85.7287439995147
10	74.4210731638381	55.656652775251	92.2045350664493	23.9976106439077	7.35034965521408	45.4236696847272
11	78.8645659218039	60.0569058239244	97.2332617402012	22.6197309864482	6.94982419397164	43.7061305933245
12	85.1193564492505	64.7751933750185	104.770677234331	30.0830117001268	10.5676745754662	53.7851786404756
12.5	117.976451197609	96.0001662293519	138.091995323934	26.7155852327089	8.20798514849568	51.0245832857679
13	90.0721739661408	71.2776705390376	108.568834758396	18.5346035858052	5.24511852369829	37.7008410962445
13.5	108.794962795684	84.4357697674272	134.724404786432	68.0143799174325	38.4402532448982	97.6756089244714
14	113.288506346406	91.8032552912083	133.371344809562	27.1337438870621	8.50127117127867	50.4582154035092
14.5	95.6710968257526	73.6898891689809	118.658190378556	43.400022974167	18.4506018178294	69.858138703476
15	90.4616850419869	70.0671674839784	109.316886656561	23.5813584957608	7.1467237645844	45.5253735487765
15.5	118.274512491487	97.0921084724325	137.474881731351	25.6231300755735	8.04448334004292	48.3531298005324
16	123.701492348019	99.339180509509	147.536278562835	47.7276031699075	21.1830856799731	76.3046585086816
16.5	120.47044975736	100.119081932138	139.874552288776	21.079540739724	6.11197089900543	41.994266948398
17	119.094800561889	97.5848027597211	138.570022729319	23.914581377235	6.99882698246721	46.9380458475468
17.5	109.709250958649	85.304999334597	134.683046656997	63.4533799997525	34.7759895203723	93.2499731192649
18	122.610187558248	97.4807157976282	148.977316406695	72.939546574173	42.5952673620218	103.508674905605
19	116.121398540325	91.2469265214012	142.113633451653	64.6741701356244	34.6769461689042	95.0780337024923
20	115.883033457549	90.6263139097083	141.521000439525	65.1375278015326	35.1573342353411	95.3689162182238
21	146.118737649342	120.217040682256	171.801871844409	56.6141283943771	27.5569283557834	87.3794529443866
22	109.373347628458	84.2579227011606	135.786372631142	72.1705887676634	41.8746837167714	102.774071819815
23	108.347766634477	86.1714408818502	129.126693083479	33.7335493346151	12.4423667850014	59.2948763123094
25	108.737761080708	84.2183136184158	134.290291388577	60.5593168450778	31.5794984779943	90.0648372650411
26	111.611672982108	87.1236779435274	136.59948403786	67.2079888817918	37.3859158751097	97.2893398762525
27	129.158920206135	103.782372316217	154.291741699648	62.0914508194584	33.1899552469182	92.4215115533995
28	100.064107674024	76.1151448367273	124.927703360293	55.7072304084706	27.2568914142372	84.8561525372898
29	127.674906702498	105.276631573074	148.646874217888	32.729534835182	11.4471726354127	57.5592091136682
31	123.864312240152	100.671048298879	145.833258191137	36.490365635414	13.6645826500565	63.1785495245578
32.5833333333333	124.956124279299	101.850932643727	147.205781296855	38.9347446498029	15.3289137669208	65.7837980532373
35	125.482331687314	102.113092743923	146.398282918536	32.1035008179298	11.0669389269837	58.5227728150218
37	129.263612053984	109.030033464832	150.286410341355	15.7032528760601	4.09269821038421	33.0781105746667
39	137.907477238803	112.799989370591	162.049958480775	51.2100446019139	23.5666822017468	80.7072044182136
41	107.996894820789	86.5538818945803	128.150978137322	27.9406872912469	9.00954430302539	51.8288610876697
43	130.596670464382	110.505565492387	150.853115897457	16.9677567761585	4.54967551219201	35.1136250116537
45	115.271743272123	94.1950456597168	134.827104580959	24.4634203306143	7.58205205300123	47.1394859042059
47	142.648508369023	120.543515109207	162.961833334738	25.5500943762001	7.77216591180718	48.0410841401996
49	135.957398528267	112.378070309177	158.720710679149	38.1219419805594	14.0872051229636	65.1743662077522
51	104.825470256002	82.8818899059296	125.47076435102	30.3513307384442	9.87129645445569	55.4547807209986
53	116.01041736923	93.4447323272437	137.937613386537	37.1216810751376	13.8898846436854	63.2601667271622
55	124.768979243264	104.92909682103	146.155735016675	14.4837645207747	3.74802037257244	30.9907260310731
57	125.22527584086	100.483351578566	148.249068358543	40.3533055795109	15.7816489499969	68.4688812494212
59	136.604386943166	115.059796907834	156.550633952471	24.3428801195194	7.33295430966952	47.2881344251099
61	143.522250167879	118.199436434701	168.358059426415	48.891403449254	21.9184287772648	78.1950472810432
63	129.79614199167	107.255803044723	150.827389743641	31.1124111188571	10.6035721783679	55.6554522761601
65	114.33645429653	89.9933593005262	138.046829440118	48.9900650352212	22.2766101114808	78.0940540657134
67	119.003918764736	94.7854751422241	143.974779022423	58.4779742099992	30.004039321674	87.714430254788
69	124.067497935217	100.953434343478	146.023540337502	34.782743184483	12.5017834828853	61.5110341327304
71	125.778133001246	101.617665181353	148.422996143864	39.098557098893	15.2903592001859	66.8511863322895
73	99.7799906805542	77.7280104406349	121.380949538065	37.469045804712	14.399374130701	63.4268053131588
75	128.38849532708	106.482293315781	148.763108176858	27.8238526889529	8.83930264248325	51.9160385449368
77	111.095308982321	89.979204111632	130.513114351564	25.1822560329935	7.78642247458383	48.0412408290807
79	112.041928309205	89.8526555676258	133.801727335766	34.8015712741431	12.5503907472643	60.5546522632857
81	119.91439627978	98.7243693468406	139.275956629892	23.9464576736953	7.13137763988111	46.7576195478491
83	112.768364724092	88.9747463695078	136.491645327495	45.0768804409156	18.9848714471213	73.5076300267824
85	110.711053576549	87.4784098446991	132.845039183163	38.3868822707347	14.948730346151	66.1227091888087
87	155.500841608355	129.865511166037	180.335009846109	53.2868918487478	25.3456939114499	83.934615074108
89	112.84585685579	91.2869199052229	133.68954990563	31.075034427049	10.5091947625638	55.4190867708794
91	147.111558946315	125.757533237483	166.908345787962	22.6441646030196	6.54724149859052	44.5262277414373
93	132.756340668507	110.39040996879	152.77417407275	26.7125293228614	8.15782613625718	50.9384729457165
95	122.385356534166	102.048646674238	144.050280705111	13.9208858502725	3.53844766309491	29.9967300653661
97	120.866419801616	96.77478584177	144.162932334144	45.0631462413264	19.3158715056173	73.3419309691472
99	120.607491261868	96.8695344443718	143.903531480524	42.7345623291654	17.3976031070615	70.0793604010324
101	156.870833294977	132.840220887992	178.589389336365	32.6146225468261	11.1654176787662	59.5168319894596
103	111.119724053792	89.4272178085495	131.016006212986	27.911304218824	8.7651824455068	51.8252487709719
105	116.65563784261	92.2104467974578	140.445355664752	52.445685271666	25.16340719857	81.6251151257003
107	115.782786622408	92.3831757943908	138.158644317283	40.8337102758786	16.3018264909108	68.587196802599
109	113.243617896963	91.5928329657443	133.890951308355	29.3197714555399	9.61334232297573	53.793286482851
111	118.338393339182	97.6331794038569	137.647516768368	21.269009961415	6.17204143065636	42.8744287555315
113	116.672969465417	96.9600187215105	135.836419299617	19.846383239338	5.54868064207222	39.8449059576858
115	126.956530297941	106.386049382729	146.23223901344	18.5860809637392	5.11482793090776	38.0790541964654
117	107.640064721122	85.1136079749459	128.998146864613	36.6974230412508	14.1265979949595	63.0942823187087
119	107.171929382463	86.7888216779157	126.454582895331	21.976944331055	6.15013367478751	43.1422125445662
121	114.576013919334	93.246910421036	134.259598627121	25.6017863391192	7.96835463026501	48.6906216436828
123	109.006771735931	86.1925763435131	130.860261865504	37.9995241467575	14.4811540596666	64.6796385872884
125	137.435015402693	112.156609992172	160.924653537825	42.8446827887167	16.9530561383204	71.9348566875458
127	119.50104793169	95.7636575618485	143.389474547715	45.3251804965087	19.0349637000603	73.1910107827167
129	112.826480969624	89.5969810172225	134.511420535881	36.6196900952117	13.5192919894614	63.5561454478408
131	117.580056924369	93.9804702803706	141.181269836968	44.4812851957054	18.8231881826059	72.2999809139977
133	116.861738518766	91.4308888638452	143.207493557454	77.5010714617809	46.7250542126452	108.826184501327
135	138.212571537107	115.22975474982	159.867569577237	34.7677724313087	12.6674598003312	60.8062900345813
137	114.516432704968	90.5343332949934	139.072489863427	54.4624732982945	26.5445771816237	83.4767846134054
139	101.533487259862	77.9134201285436	125.21875044887	47.0940442638477	20.6066807044226	75.4799302162233
141	89.3791744059623	66.7207099328721	112.984592278976	49.9190967245517	23.1548641729527	77.8235776404235
143	103.320062566893	80.8506401162447	125.09276153904	35.3673967867563	12.6254033807011	61.7755984543999
145	112.711300525171	91.547568563418	132.475243984382	26.1471111941652	8.01925268458108	49.290479641212
147	113.482211432018	89.6676481418613	136.428731573178	45.4500432312011	19.7089247825988	73.4431185098749
149	110.523079522004	87.8327931750943	131.987164125934	35.2891081109569	13.0704755659687	61.5913739198555
151	140.076094205665	116.325057268379	162.602986635242	38.8687192330346	14.8509919652847	66.3459701238561
153	103.978835578269	82.7256560462674	123.636261930045	25.2572791197419	7.74458273387454	47.6250158181147
155	141.683188943169	116.48384940897	168.576059759828	70.9263075270686	40.060448615777	101.237623751284
157	129.917728551559	105.48414517646	154.280765048668	53.8890422864796	26.0065018853961	82.6384123121549
159	137.591165886073	114.459454568499	158.11898746514	30.4585239123496	10.4484794295647	55.6909435736858
161	105.144100292435	82.7466100945419	126.558485541635	36.2548937109082	13.8018730072497	62.8328253530459
163	120.042238274859	95.2682702428397	144.715445264729	58.415793455542	30.181273260482	87.8431836049953
165	113.178556424327	88.6899832507697	136.771727070326	44.7835138723007	18.8165475925981	73.6440562205792
167	119.882224546457	97.5500219126544	141.776609177266	32.6600157716034	10.9654896321391	58.1575903223853
169	91.8371999081571	71.4036123825072	111.290966792506	28.1000571268826	9.33739365031837	51.2697959609521
171	117.514757009856	94.9530724837888	139.806934373187	36.1057911147042	13.3536620319693	62.0136441217018
173	139.905839491511	116.90092422098	160.598812474031	29.6193801275062	9.98570588403958	54.7462897571247
175	103.092204347341	80.6099386172311	124.435920969525	35.5804404591717	13.1066285433895	61.9635565132959
177	131.803024076007	107.00936572581	156.397407555478	47.7846918436629	20.6300505199567	76.4280865738593
179	133.549480594858	112.686665526538	153.254031134596	18.4586595351126	5.06262762699497	37.774439626894
181	130.136333316306	106.796231522783	152.437269661981	37.9933745433614	14.45630634911	65.3012593798169
183	123.953269341493	101.769207449145	144.45534320912	29.510297311456	9.75808269434747	53.6619798604341
186.833333333333	128.940639447772	104.914544955488	152.33690201156	43.2857558562991	17.8475610183427	71.7258652350568
188.833333333333	98.8879710540837	77.8525868954391	119.107736446278	29.5277571730209	9.7699630652602	53.8548097743177
190.833333333333	122.836728548001	97.9826816930616	148.222969098343	64.2254599782932	34.5923173533568	94.0700144311261
192.833333333333	125.864082582284	103.698990670171	146.622578680846	28.2882773936952	8.78508551905423	52.835527305643
194.833333333333	135.837771268725	114.410811408258	155.563851558735	24.0684834635265	7.11535171522526	47.0363106124741
196.833333333333	122.525103631696	97.8938200239661	147.850643070496	62.6838307985356	32.9098435652489	92.0881719212144
198.833333333333	111.169353942191	89.5455250149607	130.633300693066	25.0799367502442	7.7057116831836	47.8495792027901
200.833333333333	127.048156295	104.11285933092	147.369425611453	29.4303385674463	9.475939919336	54.5625917014211
202.833333333333	169.711164420745	145.223072389777	192.413416017487	38.524726239922	14.7470224440971	66.0326960685897
204.833333333333	142.805337496444	121.268627399807	162.222158641399	22.8213476755401	6.78335531201095	44.9214438378939
206.833333333333	148.966237806217	124.128840482674	172.613860244511	43.3265335273366	17.6929198028903	71.8211085221887
208.833333333333	132.902255662702	110.553356745277	153.067516142618	26.6878532571907	8.32909524576285	50.6807134785932
210.833333333333	141.934369557929	116.721890794108	167.105097805231	58.6799495145061	29.337528797775	88.6072037895023
212.833333333333	103.311507709475	81.6735709579639	124.178701231547	33.0086724148935	11.8434329670601	58.4204256249675
215.833333333333	116.241387229687	92.610492900698	139.101189700702	39.668451410368	15.5140832355178	66.9304052124725
217.833333333333	102.162903050877	81.5596314963909	121.802876641938	25.1333126025293	7.71745274207561	47.960354152789
219.833333333333	131.612091586069	107.649325844134	154.352376643372	38.4349079652928	14.1310984658659	66.3178217475915
221.833333333333	111.810147256759	90.9534971108516	131.061059212479	26.1220183975334	8.26158412321705	48.9261849263879
223.833333333333	141.919791174216	120.469948929944	162.002749192289	22.1908987082127	6.27132392323667	44.3551467944498
225.833333333333	123.015149731915	99.8640367382888	144.92336713494	34.8414881204643	12.4804439141382	60.9826324232554
227.833333333333	127.043555991818	104.905627996525	147.657911401183	29.4464390304429	9.87009439136319	54.0344958709798
229.833333333333	110.579787506721	86.7007814394082	134.689367440328	49.685494977954	22.8391086803689	78.3129971384056
231.833333333333	135.759187289923	114.074866500503	155.555117333147	24.8218615598211	7.53736807285403	48.2404657177854
233.833333333333	116.936794024282	95.4243314429875	136.809160686323	27.2733985863091	8.90091244081016	50.7913336812553
235.833333333333	124.981116159589	103.048614097783	145.670853267824	31.0190881404275	10.5894542078964	55.7864026229301
237.833333333333	142.222526853732	117.413286911495	166.437298475828	48.3130799236588	21.7480589839543	77.5579421859338
239.833333333333	114.161965891779	91.1609399287132	135.848066824771	35.5051488398547	12.7822531394804	62.4525397450222
241.833333333333	118.479336178734	93.2817770293795	144.415506978508	59.9267840112407	30.7739641902569	90.3901691402519
243.833333333333	133.437375442288	110.713981948557	154.221244750347	31.4693357968144	10.8558097052471	56.9862852326579
245.833333333333	123.910957236997	98.328000973544	150.032241324225	73.5607399046557	42.7452254965837	104.052903000713
247.833333333333	151.015517652106	125.858043643591	174.298697350432	42.3678715274294	17.1705778305895	71.2575836987416
249.833333333333	130.52342614868	106.69805932062	153.124596880733	39.3486329084072	15.4686056005218	66.3940483145868
251.833333333333	136.726116953816	114.289514636709	157.339493325094	28.9446782717694	9.41450849073014	53.4295290295251
253.833333333333	153.05295434349	129.08226270198	175.76098387729	37.3094722321615	13.860003182834	64.6149511299799
255.833333333333	115.162657875538	90.074009180748	141.141800515502	60.0605596507216	30.8524578675184	90.2540926320544
257.833333333333	137.443184342906	112.631935291373	160.796691488886	42.8199091008682	17.5077855700766	71.1544277440064
259.833333333333	125.508950927842	101.7344309987	148.054502723701	38.67416322362	14.5169889849605	65.641767173984
261.833333333333	116.627449783541	93.4700530158315	138.534653406145	36.0578101695261	13.0962512975947	62.2661102242308
263.833333333333	132.724149870207	107.776865585088	158.296881888755	59.7672930710983	30.3893181380407	89.4430923769858
265.833333333333	123.578239807742	98.0012760594521	148.532757625525	57.9036766299366	29.2429479138198	87.4783184867595
267.833333333333	129.605947747191	105.675579352773	152.212231969309	36.7038002807534	13.4564598412027	64.0773273436572
269.833333333333	157.885389277358	134.698099370175	179.412473569562	33.4930627535779	11.8576428767116	59.7437158344557
271.833333333333	120.637554760524	98.708628329149	140.431122400971	29.7163301421423	10.2565830138366	54.1503759154821
273.833333333333	136.162558648385	111.166753916616	159.89176265666	44.0576136247187	17.9379476296542	72.821948795734
275.833333333333	131.831565567074	106.820971276071	155.987506221734	47.7166858298867	20.9939617661104	77.0453151009732
277.833333333333	174.022926523541	148.404488098614	197.118585832141	42.4311918956897	16.9713600073275	71.3531959053646
279.833333333333	151.823281653408	129.79456202229	171.75100958202	22.3718040541336	6.33103821687001	44.3148599198103
281.833333333333	145.600222967643	124.1415402437	165.443599184602	25.5430026293073	7.77825730724077	48.4952884385969
283.833333333333	126.013717481769	102.773432485747	148.014356423528	35.6683485461426	13.1768202147366	62.5963924689914
285.833333333333	165.038387683797	142.928880383386	185.523763549665	24.2641075280894	7.16512047471728	47.6314407307261
287.833333333333	148.059588827514	122.287918258477	174.042540497597	60.3467055469834	30.5901859312643	90.8920619355025
289.833333333333	139.42921796421	114.249240566024	164.079441599121	57.170880789748	28.8355180759065	86.9592927253412
291.833333333333	155.649465124037	129.386063973271	181.020466119708	57.9510396800256	28.8691041974155	88.9447747947103
293.833333333333	168.7370869132	145.554007348359	189.587025171461	28.9433066968554	9.30915022640855	54.8040709282624
295.833333333333	168.71462522169	145.485244456751	189.68286765593	29.1267773759125	9.33664527952995	53.4541013888264
297.833333333333	141.752723838758	116.434983061109	166.709617416911	57.6785115345819	28.9402813289866	87.3860031414222
299.833333333333	137.28984466507	113.569325363707	159.686653371415	37.1600118303895	13.7344307423352	64.7141890681523
301.833333333333	142.101586483604	119.456209010657	163.35358478833	29.5053101828266	9.71249163563352	54.5516249015633
303.833333333333	164.422569202805	140.516507200688	186.127122949446	32.3633204766577	11.0912730618035	58.729942802391
305.833333333333	138.239025166294	113.685749283425	161.521762139141	43.0131115801857	17.9380526396386	71.628852590272
307.833333333333	144.324949879324	119.046484044531	170.6251045881	64.6779729532627	34.5943035652954	95.1105925129033
309.833333333333	111.963527059198	86.5489395286826	138.28759343998	86.0877207983299	54.8375971979635	117.469203440115
311.833333333333	123.927592452922	100.865168483005	145.938465772274	36.4431941994123	13.3696583270547	62.9264707923646
313.833333333333	129.539844801759	104.062157164388	155.394354933386	68.1853135463815	38.0066003681106	99.0456922253899
315.833333333333	118.661643266809	94.4163427589415	142.456088876366	47.9488993361248	21.404333979738	76.9102591534212
317.833333333333	118.180684471583	92.5628820640663	144.309227366915	90.8641233150902	59.8699077779716	122.187828235835
319.833333333333	111.49089333	87.9497914658492	134.366074882079	42.8462794848284	17.9780659198513	70.381676353833
321.833333333333	111.69991084259	87.7261430845655	135.666593594651	54.2642325598519	27.2690394912031	83.1502412806842
323.833333333333	158.89041522386	134.228399986719	182.266385550772	42.4107254295041	17.1654587839977	70.4189590228903
325.833333333333	150.600507043375	125.881340551369	175.782846546654	59.7328354590246	30.7224219275028	89.2993365467494
327.833333333333	116.555039769917	91.7162520805651	142.333296585994	73.9095105334955	43.1750895296499	104.311695410508
329.833333333333	174.659240858768	150.487930726226	196.581096491284	32.9248842303739	11.0337000167451	59.3975576420826
331.833333333333	143.000693727006	116.696259206892	168.327229520235	57.7455648366545	29.2068704335163	88.3939164082116
333.833333333333	137.649860114304	115.222993784493	157.937259558133	26.9577319298287	8.34667442413488	51.2196634476068
335.833333333333	150.388377240126	124.946125551898	176.212343535769	69.3277060729207	38.6427386612095	99.426722402263
337.833333333333	120.121922807214	95.4292606975156	144.326799353944	48.3569400448499	21.3386822499983	77.5003354128109
339.833333333333	133.633877169844	111.402874793553	154.007907288905	27.6794819803223	8.84840117074699	51.838908208272
341.833333333333	128.73522904057	106.132900386769	149.748107881662	31.9256429223109	11.0968493324188	57.3649811726107
343.833333333333	160.217717136914	137.234788289402	180.518540126898	26.6424475761914	8.32221961392783	50.8620750592766
345.833333333333	125.245153361221	103.116001361968	146.2671789303	31.5431057907595	10.7153560327685	56.753271373997
347.833333333333	107.309273837621	83.3444264877168	131.28987063196	56.4093864001669	28.6743789269178	85.3616865637752
349.833333333333	120.635670078334	96.7710854748661	143.114300252767	40.8641855062662	16.6589597911442	68.1159673660139
351.833333333333	151.88346401528	129.293208897975	172.141846497007	24.8036252920331	7.70905425335015	47.7688070258993
353.833333333333	103.526399236761	79.6906757037402	127.375782329035	51.5806310498095	24.5047019337156	80.4240300118919
355.833333333333	170.280802680078	144.584797032323	194.770954398228	46.5095108325462	19.7953870624241	76.134231117414
357.833333333333	129.731760225031	105.570659141089	153.179046587559	43.3924001909577	17.8837225356953	71.8490701831232
359.833333333333	121.066673010497	96.9433436164442	145.037138656736	46.6428428765275	20.1991031189668	74.9170098029365
361.833333333333	125.733448622806	101.613308587195	149.037754315483	43.3432654955708	18.1426126858635	71.205830788757
363.833333333333	129.920218845453	109.116042073462	149.627195515369	21.5049355918463	6.1428133975495	42.6647753762395
365.833333333333	152.524655717777	129.213168366739	173.706347659484	32.1778792073696	11.0798971770679	58.2821513967989
367.833333333333	117.574527475955	93.0396964923933	143.59579184579	64.6097593158079	34.9915537247013	94.4597211622142
369.833333333333	138.51606468246	117.922143996694	159.990228690076	15.5485358379569	4.05285693899987	33.3404710635604
371.833333333333	152.979747946761	131.569206460897	173.683025490749	16.8231527846417	4.42015902903885	35.7009549587896
373.833333333333	150.074200777102	126.401352866849	171.880160287848	34.9355237628213	12.2513238254381	61.7854617344644
375.833333333333	136.393929397983	111.305119881182	161.657617722924	58.0674082079537	29.345877607619	87.8696036523257
377.833333333333	137.448763140909	113.123320009269	160.674308117211	42.8429156249294	17.5920014494793	71.1131078433813
379.833333333333	132.615900029924	108.703139571107	155.29261111838	40.2960167891805	15.8402468536397	68.4097568008879
381.833333333333	138.969763946259	116.803934537191	159.210865678249	25.3406776868045	7.57775948266229	48.9574857821722
383.833333333333	128.573793671541	103.487381247519	153.131865479182	57.0528205322112	28.5916192334171	87.400250543215
385.833333333333	134.482333532015	110.052771876761	159.245478044624	50.7314405841588	23.1787043356445	79.7148135470517
387.833333333333	139.883863806792	115.554737959394	162.312758049567	36.6987480578565	13.3610521342602	64.7134149953868
389.833333333333	134.019583092789	110.173891014887	157.114050491798	42.3397074751782	17.0920620410879	69.9596622928646
391.833333333333	136.391720364835	111.71089773664	159.774186773532	44.8177300070272	19.1773055403034	73.688910651013
393.833333333333	120.372025456631	95.9982583659257	144.684718808631	53.5265694382466	25.6031965980658	82.5515531894464
395.833333333333	113.258146251541	89.6050736829032	137.311462765797	47.442743973801	20.4052441165071	75.9755445754612
397.833333333333	161.858185645434	138.641461804113	183.193896979495	31.1283381805421	10.5290050696477	56.8072569281557
399.833333333333	140.974110920075	118.750173387053	161.221300411842	26.7656633641798	8.37550354930117	50.8209046683444
401.833333333333	157.329655075966	132.365676473159	180.245758445595	38.7192925071747	14.3425523900378	66.9353749155457
403.833333333333	136.607978356916	113.097115341058	158.144490126811	35.0765998059779	12.6655566396205	62.1086087566116
405.833333333333	121.670178445714	96.2523167490129	148.512380637159	82.5968283679783	51.0056314996027	113.623413376506
407.833333333333	96.4250597974013	71.9188376914447	122.396021507716	97.2940150951027	66.1990137386745	127.51430618007
409.833333333333	150.868284014312	125.293008385244	174.930732823104	49.5211996570615	22.415341704217	79.127522310751
411.833333333333	135.861989227295	109.646596630976	161.976859232459	61.5091096569092	32.1071777744087	92.5362601614807
413.833333333333	140.496600613817	115.533608242561	164.990955389277	48.9619558823584	21.8335127907688	78.0671984152392
415.833333333333	137.784453632598	112.552201487254	164.176798672495	62.3923506811046	32.5964102028686	93.1703076945138
417.833333333333	169.480436844254	144.903633028802	192.821828952469	43.677424994791	18.1134928023282	72.4190549026745
419.833333333333	190.197066636485	165.917067654428	212.103057942124	35.7087613177739	13.2299635088349	62.7718210708406
421.833333333333	169.150839675345	147.540390799326	189.781324507954	21.4057339569876	6.115702930265	42.4256539585961
423.833333333333	131.722643963341	107.988549762692	153.65973392933	37.548954256114	14.2824602299506	64.4619822467947
425.833333333333	149.22087670992	122.86165070573	175.194214976774	63.0357609280706	32.9736931510491	93.9579421400644
427.833333333333	178.019341123012	154.878684336911	198.592890440056	26.8101915281881	8.37024540074784	50.7759483907447
429.833333333333	154.446952412834	132.927596489189	174.557902612097	24.3319179027351	7.15937434274	47.123485102987
431.833333333333	156.30120562032	130.876486121453	182.704297636449	59.112376609297	29.0948235815049	89.3388493793346
433.833333333333	145.226258429395	120.085280360315	169.559849720784	45.6867793938209	18.9958085792353	74.5373706461827
435.833333333333	250.686172524785	224.220278873198	275.866243372301	47.1295655934172	19.5614352066754	77.662973220825
437.833333333333	200.263144939556	175.182961003574	224.275069554532	43.9881546573672	18.3451608059262	72.6531068597884
439.833333333333	168.120912180377	142.713361118906	191.645083773051	39.0321778214065	14.4271034980004	67.6880461810917
441.833333333333	170.922242060076	148.613940840989	191.544550573428	21.1705791864066	5.79842579235661	42.9120099406826
443.833333333333	118.380506830241	94.1734554076999	141.239930139697	41.9227025384216	17.1422194983179	69.93194649821
445.833333333333	170.477281906012	147.626933622842	191.335012890677	27.1555017947518	8.41508347415704	51.7049635630078
447.833333333333	178.918130277883	153.194808816364	202.966640850485	42.462516656371	16.8712893477159	71.2737045848175
449.833333333333	170.895590488022	149.74156450428	191.720688676939	18.8316285032341	5.16306139812796	38.7132955452486
451.833333333333	128.964331189956	104.60439242861	153.25169437589	50.4001667063843	23.271859650088	79.589213504299
453.833333333333	144.371842047711	122.825918031479	164.656347816874	20.2194517019932	5.59019441895309	41.5728646620481
455.833333333333	174.710668444782	152.714362655171	195.04766767228	23.5917714474803	6.91379478345315	46.093208132477
457.833333333333	142.227665527216	117.569682153199	165.058874959901	37.9323268902288	14.127299268195	65.758313749939
459.833333333333	168.345584254987	145.05657212946	188.943835135018	27.3063845118138	8.78101834441261	51.7031997867251
461.833333333333	167.979084258393	143.041964696957	191.998946172853	45.1018188136571	18.7083009237188	74.0916113546802
463.833333333333	198.133736203176	172.908334936268	222.009944987393	44.8784286083316	18.4735530054657	74.0088210798777
465.833333333333	158.285034042197	133.085403023514	181.985419463168	45.6594993588937	19.6873621288427	74.5834334152918
467.833333333333	162.696916792947	138.836400305893	183.754943254458	29.8196889077939	9.75676425593318	55.676961407501
469.833333333333	140.125288424324	116.69430580786	161.251717532891	32.5020181388187	11.3537077818152	58.1961862438129
471.833333333333	142.081761236566	115.404769625671	169.041700714706	85.0229684573092	53.4367761519384	117.144902426919
473.833333333333	152.599284689601	126.452023563487	177.374156834561	52.4129430940482	24.1322351526833	82.6406559824488
475.833333333333	167.396684494104	144.922819459433	187.681700509101	23.0779986902809	6.68239420356295	45.3016853146988
477.833333333333	167.724819754391	141.411370290733	193.759672924855	57.0080362698423	27.8820681051757	87.8182305647344
479.833333333333	170.352976073918	148.85635737527	191.15322633579	18.6084776408323	4.99584681643158	38.9885220031929
481.833333333333	94.1871974244426	72.3705480368935	115.437857535159	36.2120465552168	13.6664039076235	61.9481105420998
483.833333333333	110.253212365453	86.7921148865828	133.069576498539	43.0277806250408	17.8911526140225	70.7080431591114
485.833333333333	102.100653587578	81.0458075665668	121.520333265151	27.1311945742034	8.53156860952025	50.9484696454506
487.833333333333	112.410730393292	89.2284244152575	135.240439145217	43.6554580617649	18.5962468897017	71.4504821403945
489.833333333333	101.422557325949	77.5196150146415	125.958038905549	62.7515483410533	34.286609444055	92.3793238796948
491.833333333333	123.59809924393	99.4656298469261	146.817768357081	43.5871121821984	18.0695055130848	71.8460552638461
493.833333333333	104.850106573593	81.219592854296	128.067586435576	47.6170089916903	21.5083983556117	76.1263776512539
495.833333333333	103.995937552139	82.8356578344278	124.146916280947	32.4241970886642	11.4938795238168	57.4748970043222
497.833333333333	107.74967291892	86.7864948372601	127.770152379066	26.7809048066763	8.34896821215659	49.704263841606
499.833333333333	106.781865839429	82.6491260061786	130.345358531954	48.7217864316744	21.8686875219032	77.430734044427
501.833333333333	96.3650546663233	73.3638668587227	118.445308601371	40.3410461464834	16.9301208170765	67.2312782444603
503.833333333333	102.411272239471	79.5646579999997	125.030650079863	41.8811123796153	17.3396062837844	69.0452106421079
505.833333333333	91.9690637626347	68.1421186794757	117.493170424347	79.3744741622131	48.9047907935141	108.965125214041
507.833333333333	120.164869403267	96.8940388420063	142.219520923584	40.601839905352	16.4296152429244	68.0852302571471
509.833333333333	93.2326805142268	71.6321106159982	114.771078918961	37.9093976654399	14.8992112793011	63.596654489115
511.833333333333	93.0044650771763	71.2144909703854	114.683546999926	37.2475832536214	14.5724857939765	63.0585524866135
513.833333333333	89.4152618649655	67.6154840904152	110.9875817417	37.734502791613	14.3015755162301	63.9533000534198
515.833333333333	89.5866875120507	67.574783651976	111.368123063178	37.6721696086882	14.7880625887008	64.3061450518087
517.833333333333	85.7400443975481	63.9462777355665	106.389482110183	34.1436057854709	12.4362898575768	59.174475651349
519.833333333333	94.4597752223003	71.6583969125558	116.704778205218	40.1525694819753	16.1237262062903	67.297793396447
521.833333333333	96.5808914627716	76.4575190505771	115.657174714279	24.8049157200799	7.66998774126294	47.7910429880299
523.833333333333	130.19789917925	109.729343523357	149.639551985147	18.5555865142733	5.01242978627047	37.6967312607528
525.833333333333	99.1188190343114	76.6043002401849	121.167325015114	42.291736930781	17.7799438521543	68.9831783933638
527.833333333333	112.334974359391	91.2884157374883	131.828220823526	24.3982169636027	7.35325267076506	46.6933129502614
529.833333333333	100.734135383631	76.0230300173544	125.871639969469	68.1291205817879	38.5811538927915	97.6485380508493
531.833333333333	105.220608342545	84.8796644860994	124.167099226966	22.3428179377453	6.72842906628679	43.7452733204049
533.833333333333	89.1354333893038	70.3361206941663	108.685359660551	14.3220242379298	3.62627406629293	30.5105327569666
535.833333333333	100.56020154974	81.2634842946166	119.634991385724	19.3134538353062	5.39198476589557	38.5916612134625
537.833333333333	91.4289558545516	68.4563412910953	115.951277574783	59.9898578732408	32.1150635006599	88.2225759800327
539.833333333333	108.619046433882	87.2982146192113	128.956350910083	31.240054887965	10.8086927218207	55.9008149648515
541.833333333333	103.596371770323	83.5443467998423	122.456133709079	20.5384306963654	5.88459879032676	41.0300940578047
543.833333333333	94.4666206485298	72.9343721278219	115.547058708583	34.3341356174536	12.3662556212496	60.0047055797773
545.833333333333	101.46723179693	78.9621947614166	123.084029969943	37.8028828596656	14.4469385442787	64.5926005116285
547.833333333333	110.448883909329	86.1696274975588	135.613860337041	56.2321976398341	27.7928444332734	85.7296995672132
549.833333333333	110.793643985126	85.9477766652049	136.526294806525	74.758180899397	44.3417596003988	105.228443526403
551.833333333333	114.609458469479	90.6388009012301	139.178160367472	51.5412661107147	24.165758932077	80.4686217186057
553.833333333333	94.8563291078174	73.8060024044888	114.91445525286	30.8954651316597	10.6422863267884	55.7143829764079
587.833333333333	77.7099671905956	55.524537635565	102.237589793435	67.9879627322934	39.7268008959431	96.1598503298762
589.833333333333	81.3029647909987	60.0810016518742	102.892166708291	36.9719367651735	14.2514074303037	62.539150800283
591.833333333333	70.1086592783367	52.308981693364	87.5790756223877	18.8595329687961	5.3101053954438	37.9461350649258
593.833333333333	101.787226251311	80.9477142076819	121.44167216832	26.7564967684829	8.34135315749713	49.7088454688261
595.833333333333	116.557298904669	95.3331092250492	136.107110116076	26.0708965074285	8.34764955071615	48.7862313649323
597.833333333333	92.1109649679126	70.6710324599072	112.076528635667	29.2797561695701	9.86847889407228	53.6136209978266
599.833333333333	98.7511637939031	78.2764537265585	117.961018085669	24.718462237767	7.59302272579276	47.2332986103153
601.833333333333	105.682462044596	82.9996289333986	127.054801542579	36.7560198092782	14.2406364618507	63.0905358345445
603.833333333333	109.791888698206	87.4814959540874	130.601086672978	32.5309613469216	11.3891908901858	58.3841097749512
605.833333333333	111.290355832759	87.3042391312949	135.346509573305	49.8755169045432	22.7315940564269	78.7675160825315
607.833333333333	111.867019155256	89.9051351336716	131.681286665952	27.3230688891524	8.6321799008918	51.5327740675318
609.833333333333	102.226502107885	80.894163086658	122.167724114162	28.4675314706158	9.21784809871871	52.3107266484604
611.833333333333	112.581074618668	90.6510906230682	134.003275942349	33.6199701817456	11.9200871656552	59.1455919559471
613.833333333333	111.388574861517	89.357898326307	133.159088090947	35.2587314267612	12.8106567930105	61.1489141135715
615.833333333333	89.6324744377824	70.4677629159688	108.24637337059	20.2838481125888	5.66718819605366	40.9909135262193
617.833333333333	109.544218337054	88.1885805772325	129.228499749582	27.4867926324869	9.04215175054242	50.9662368095163
619.833333333333	112.524151426628	91.8889832411305	131.727206209112	22.3329666531062	6.54469039454561	44.1973211187651
621.833333333333	92.0120463047364	71.9833608117143	110.835969219322	23.2336739179632	7.03318307512722	44.8861710292342
623.833333333333	86.8914380292042	65.3755191736404	107.718233511758	36.2906046833967	13.9739233365675	62.2527192187837
625.833333333333	93.3342217099315	71.8467482613029	113.528068683736	32.1479094572864	11.4367147318764	56.9567247033021
627.833333333333	96.3215480260373	74.4030657450557	117.34647982201	36.2382008915986	13.9563111698315	62.1859119364115
629.833333333333	96.7410344277634	76.99311905301	115.235026283688	20.3564031210774	5.70265942603954	40.5392336608117
631.833333333333	117.927441369406	94.7478041160178	140.131839395207	40.0255076374071	15.8414474410746	66.8620170641953
633.833333333333	110.556267726106	89.0045137415115	131.218195911463	32.1149284777526	11.344431957694	57.4383344684826
635.833333333333	98.4564150886248	76.3501792991588	120.726801599898	39.3376087467243	15.5906047362955	65.9970447949206
637.833333333333	92.4583041815384	71.6697362599245	112.269728819366	29.0797066213507	9.68740240019941	53.0965775786372
639.833333333333	82.2466777749588	62.4787437717394	100.569591361949	22.9412012540058	6.71295154497107	44.5308502871057
641.833333333333	105.051241023574	81.2353754099892	128.40232095209	45.7616110735661	19.4668696091673	73.8417325204844
643.833333333333	113.121575411063	90.9134242281946	134.315961372166	32.3052890468535	11.2786330760909	57.2721858935343
645.833333333333	94.8120639818326	74.3027193846851	113.722817903272	24.5685030995486	7.64454909055717	47.0204218487296
647.833333333333	114.268027158982	93.2061008143771	133.881653627111	22.5817898498403	6.56379248181239	44.1780930517032
649.833333333333	100.316639480999	79.2047379763716	119.772068853442	26.9665525541623	8.62579895674585	50.5324694360945
651.833333333333	101.094026518412	81.484580315724	120.550888542886	17.5931767790657	4.69108897082295	36.2153242195019
653.833333333333	92.5067784019628	71.7259326806282	112.69554348862	32.6610842494006	12.1122363323883	56.7902909848756
655.833333333333	101.418092072734	80.0549940610567	121.930986879107	30.5589339047948	10.3471156674073	55.1586233471899
657.833333333333	93.4950202923991	70.6345387143389	116.490483355782	47.9567786155142	21.695366176797	75.8594008644503
659.833333333333	91.7347757355386	72.1009391220893	110.231803479448	22.6991097875303	6.79820806738371	43.7226113217563
661.833333333333	96.0646601326919	73.5496098151469	117.905761076061	39.7228352323333	15.5139529233508	66.2876158856696
663.833333333333	103.618634782944	79.4854852482761	128.374841577664	54.1958231293919	26.1412820098026	83.1340057551875
665.833333333333	100.258837842417	77.3978048133581	123.290166842628	48.9809176699067	22.7583475111594	76.8835437489857
667.833333333333	96.2737872193643	76.9360316991416	115.809262639503	16.1004988443099	4.29573334324156	33.4638729878739
669.833333333333	79.2948540624594	59.299305734533	98.635863906573	28.4592312904848	9.35134719466734	52.1472022672172
671.833333333333	99.144684928533	77.2207420454374	120.06368669033	32.3292594052858	11.6060275484574	57.3893922619106
673.833333333333	101.919117369337	80.632343022852	122.259346499916	29.5342168426764	9.78774933988145	53.8460588047389
675.833333333333	142.832437736683	119.331809847042	164.827900187458	35.865905401277	13.1865255924646	62.8034700987432
677.833333333333	100.707929140382	78.3618014175639	121.68710838024	33.5609903533332	12.0208823357309	59.2012598136439
679.833333333333	85.072928292476	65.0834618652896	104.069773022424	26.4470190670727	8.34270625036109	49.1426382633705
681.833333333333	86.8526354104305	67.1011064702855	105.540905030475	25.9231354506599	8.25266623627923	49.3226502358931
683.833333333333	86.8053069770359	64.1589932347021	110.527262657152	51.3569444724722	24.5361621478186	79.3710584321267
685.833333333333	101.179814569569	78.4124628698156	123.232968504028	37.9150281159852	14.8557097987274	64.2773377444663
687.833333333333	106.015933169853	82.3102843409751	129.447656610816	44.8506799684324	18.9308117218214	72.8379018716529
689.833333333333	92.119304993496	70.4361769721236	113.437593389405	35.5891205722743	13.3407277207137	60.8801826129939
691.833333333333	94.6334879461544	71.9474995291865	118.189559530291	46.948078082353	20.5403084884436	74.1185956568413
693.833333333333	87.7018468251016	67.139735461861	107.418374505221	29.6644518683923	10.0512446034114	53.8256620795635
695.833333333333	103.842934048444	81.6020521928974	124.387159832517	33.4468871138982	12.0297725937646	58.8907936762019
697.833333333333	100.371275279298	78.5518201835936	121.023895400988	32.8842085454542	11.6131793585297	58.1549500111768
699.833333333333	97.0148217762521	74.6975153618852	118.561333062937	37.9968386810342	14.8329082919226	63.9499387833002
701.833333333333	111.89705901899	87.6386485429351	135.930881342194	50.3091871449192	23.2781052580087	78.7964068643252
703.833333333333	99.8045585107301	77.4041569986336	121.036829298706	34.9680431035053	12.6774798725801	60.5045062384506
705.833333333333	77.8698549717782	58.3625826996032	96.4071262161006	24.5413557217506	7.57600392324668	46.6622571138721
707.833333333333	116.175848843721	95.3452929922899	135.855291641309	24.4267898438744	7.27377067992663	46.6245820724193
709.833333333333	116.681476680227	94.1166467154307	138.075063625821	34.3544686172404	12.4570042534051	60.358119532979
711.833333333333	124.186654628376	102.289845556372	144.302596411746	25.0856068255779	7.49807418115563	48.3598737045112
713.833333333333	122.693072330762	100.089827328033	144.774307603395	35.0513566758421	12.5043623940297	61.0512962021874
715.833333333333	94.5241861303554	72.3666852533361	116.220618127056	36.8450532015596	14.0524829700301	63.06286111502
717.833333333333	124.140254452302	102.811406879555	143.838109877559	24.565327468293	7.47268464942126	47.2085916699195
719.833333333333	90.8840310930788	67.8223662630054	114.776674986127	53.8794205677591	26.4469823127533	81.8707822180722
721.833333333333	76.3674924243581	55.5363576397349	97.0546161816434	37.6465461841706	15.0964924457583	63.2329062348476
723.833333333333	101.783217716366	79.0312760979132	123.753076869226	39.1271418195788	15.6701247730733	65.8403311075568
725.833333333333	81.3358060273958	58.374013006191	104.882972376224	58.1350954986484	30.8188791446605	86.6291510628894
727.833333333333	114.399452989498	90.4129179962424	138.316391782762	51.6750839509952	24.0947491628846	80.4150578171746
729.833333333333	111.422802806712	86.9384824997568	137.13636824725	54.5215116670327	25.9495218188987	84.0935819916373
731.833333333333	95.1514704396478	71.5232535213714	120.420183604155	60.0855953434966	31.1816126745814	88.7060371953214
733.833333333333	77.6579887185469	56.6902576940695	98.8505723445026	36.6341744953178	14.4487228862146	61.9769192274838
735.833333333333	123.41826410222	101.052178250296	144.55552257833	34.5304928288043	12.6217254762406	60.1209088140532
737.833333333333	112.678658919953	90.1895934590724	132.789814221721	29.6446289116185	9.87127644025348	55.1016478475285
739.833333333333	113.471124558091	90.6019672313276	136.431734097053	40.9155684917502	16.286470993842	67.746366267271
741.833333333333	98.1835031166797	77.3491730985008	117.960861296399	27.7201721575625	9.01457536293004	51.0791785951322
743.833333333333	99.1731718534992	75.0941099509283	123.358009391402	58.4400411455901	30.2920861292392	87.5537908091758
745.833333333333	102.347831191126	80.2204343532768	123.238189905702	33.7875884660124	12.1835544428812	59.4538693927684
747.833333333333	102.168030808844	79.5344251010556	123.998675589896	37.9366531955374	14.4883699714466	64.5848276675374
749.833333333333	108.230609289235	82.5125571228383	134.106254795116	93.7090659425381	62.4470068982726	125.109873486259
751.833333333333	109.306221652363	85.7323910831401	132.746333480716	46.3579063368146	20.1202950575449	74.4407692484847
753.833333333333	119.372854705503	95.0231328765753	144.447206128451	59.9508263174384	31.297121899891	89.4358772563827
755.833333333333	123.668613226521	97.7663096601376	149.95925740818	62.6313551764667	32.6162887876196	93.5857329931263
757.833333333333	112.145682590121	87.8201791083338	136.250514339395	49.1966897172187	22.1715404949503	77.9224581997976
759.833333333333	127.486644105501	104.522475416586	148.904536884228	33.7129059546122	12.138084138098	60.3192951338112
761.833333333333	104.321687165162	82.8981317810252	124.883367677578	29.0952525149582	9.62579605475555	53.4642610878622
763.833333333333	92.1209457664448	72.8261989189341	110.231642762638	19.0037917024124	5.23710673076725	38.9483261689369
765.833333333333	116.823376503323	91.638683776418	142.998814053917	66.0419426385599	35.5947704578153	96.4759602178975
767.833333333333	109.596058293414	88.2416320006632	129.418340611855	28.984166815945	9.86546666875237	53.1406643470177
769.833333333333	130.676996459395	106.163899435176	154.181772364861	46.075591478992	20.3534059487784	74.6502033486153
771.833333333333	98.6404700837858	74.9897269488234	122.185815361076	51.6121051393624	24.3502561715977	80.2112857111495
773.833333333333	112.691715711689	90.8119362803717	132.781319108452	29.6253280215856	9.92906847138957	54.414757485566
775.833333333333	104.938871720261	80.0806588392794	130.42627832539	69.8800492969219	39.8920079322186	100.566300617075
777.833333333333	98.3526578030476	77.0241593410061	118.456318407035	29.0582111373634	9.73888374986426	53.3679455335198
779.833333333333	143.437340980615	117.930804799658	169.224727083236	58.1144670882239	29.0033562667375	87.934880055966
781.833333333333	82.7556033602322	62.5996272029537	103.02735507731	30.9922220734352	10.4514332472753	55.3740604886195
783.833333333333	116.790409333174	92.7007710385561	141.103087887204	49.5485595591439	22.6687281416879	78.3836566508531
785.833333333333	106.601874212425	82.7608561943131	130.810077396832	56.9461797347284	28.7355715379264	85.6610700933914
787.833333333333	84.7087461243332	62.9315394545757	106.413926946297	42.4011813454469	18.0649910800763	68.9959571507734
789.833333333333	131.313116648234	110.581715364768	150.708418208955	21.3504010060413	6.13407775787728	42.2131279625461
791.833333333333	106.35639456994	84.9938791280486	126.369395111091	27.0658834979177	8.35273416095607	51.370808952415
793.833333333333	94.7245199044219	75.3692162214654	114.379211209972	15.4795401476637	4.07189849027098	32.4863100363994
795.833333333333	122.089571254462	99.6170068135479	142.368684956627	30.1657611661522	10.0259030011276	55.0694858074864
797.833333333333	141.309938516446	117.027331579558	163.554995515698	36.2956957091525	13.2503390436667	63.8170460907889
799.833333333333	122.711483104494	101.296538438932	142.742292767398	27.4941802727848	8.81666516770138	51.2942886997453
801.833333333333	130.719098316872	107.614427204054	152.894747764663	35.0874838172071	12.5929876201018	61.5418718276162
803.833333333333	89.3660584312736	67.7364898510971	111.639309751139	41.0612355672921	16.8772748191121	67.6196321992154
805.833333333333	78.5832739212639	60.4293278475654	96.4279828560128	18.2222014480131	4.95627622360975	37.1646419054289
807.833333333333	77.1180280031653	58.9924720672177	95.6595218703158	15.9920924961967	4.37213339727594	33.2068404261029
809.833333333333	80.3182608130644	61.9716022468696	98.0862414062326	20.3692252041078	5.8967306083526	40.5156922458478
811.833333333333	99.1148226149404	75.9957228238541	122.461640544634	47.4963870417785	21.5728537637598	75.6376971363574
813.833333333333	94.2079049784851	72.0931504934971	115.037722865964	33.0223633095956	11.7299279563816	58.2642409309759
815.833333333333	74.7433205807933	55.4468916136069	94.1274661996267	29.5718395302763	9.86337097363348	52.9294276522478
817.833333333333	61.994956826218	43.0966625930893	81.3252262761343	32.2139035714888	11.6955730312427	55.7864005219453
819.833333333333	82.1903120987172	62.6292469792391	101.301626099965	26.9777221971213	8.54015994680069	50.0409563849609
821.833333333333	85.3355660677368	66.6621681512048	103.909600777216	20.4848801613703	5.82111144132992	40.6935749297124
823.833333333333	73.4849388222464	55.2280691502734	91.0696339138223	20.2680680736496	5.8821421340338	39.9348638061795
825.833333333333	93.8089782866972	73.7388353658483	112.617419917651	23.2823185080727	6.8659028642142	45.1685674373506
827.833333333333	83.2223011504339	64.3252559355505	101.693483766173	24.2227397635032	7.52088980641578	45.4537911487979
829.833333333333	92.5276157309569	72.7999543566103	111.058096162744	22.2628472974451	6.58694630631654	43.5560999518316
831.833333333333	86.1809862978574	64.1835019650289	107.72409325545	39.6196597036705	16.2220040304613	66.1313018213744
833.833333333333	73.8141164038409	53.4301065051629	94.2883417118595	36.4093528870804	14.5969013996449	61.2936949481934
835.833333333333	70.4782291321919	52.7472632201518	88.2849904568789	19.2106931297888	5.55773849945696	38.5989865139795
837.833333333333	101.85028452619	79.3605942343109	123.563071575797	37.3795920203694	14.3793129275121	63.7003284536823
839.833333333333	74.1056247647558	54.8660712854489	93.4455160335116	29.9376812143506	10.3621705092301	53.2674607644418
841.833333333333	87.9135482579383	67.1814193654482	108.402470853994	33.2731122502736	12.1968833873074	57.6677400345123
843.833333333333	79.7319097914933	61.8003946752505	98.0469189621222	16.5814938742547	4.51435296230723	34.3332488830936
845.833333333333	71.4969397714233	53.9265906311605	89.653776343246	15.3457447717482	4.04279378339315	32.4897354584327
847.833333333333	100.583108910515	78.9258027705238	120.601378959811	29.6659861817159	10.0572150943081	54.5212862961646
849.833333333333	82.6301996584272	60.1933986126995	105.807650995456	51.5215095280101	25.0286069798735	79.1702548124712
851.833333333333	76.6590581180622	57.2658000406807	95.4780500102517	26.6620136151104	8.81756622315539	49.5999660412936
853.833333333333	76.0273510628562	55.0658298701334	97.4187292378628	39.5389183972114	16.206077551966	65.0285934950223
855.833333333333	92.2827493816424	73.1434718698662	112.781956916695	13.4935499937379	3.48340344991275	28.7095358396592
857.833333333333	98.3885736903719	78.0844105617297	117.209545998722	25.4315077596773	8.11695403189671	47.8160822203949
859.833333333333	108.784116375533	85.8609129595	131.514250219423	41.820884503117	16.8550854453331	69.1352279753741
861.833333333333	94.3844615013749	73.1876854202889	114.284267989982	29.1328437401871	9.47269810512645	53.8305582318723
863.833333333333	84.2558273954581	65.0945818893684	102.59927959577	21.1248912501089	6.05147547979421	41.5822916165411
865.833333333333	80.2799697096119	59.5174908448995	100.810823331918	33.5686683018094	12.05706759443	58.5014916093936
867.833333333333	92.9955834723128	73.3238343343512	111.310670998745	21.894406679627	6.43868815474713	42.9544321380623
869.833333333333	82.0038696185903	61.5107393937198	101.585878671339	29.2839738980433	9.91977853400943	53.4770701577499
871.833333333333	75.4623161340235	57.2723151260421	93.1120582535762	21.5448125147275	6.26417860462626	42.3569234980446
873.833333333333	92.236136867564	70.6920185189214	113.231032277066	34.5942344509879	12.7886528298555	59.6342062397161
875.833333333333	84.5585350762759	64.7860264183628	103.105049741412	24.6677037852109	7.5901140773871	47.0682882045803
877.833333333333	79.2422495573728	57.3953084347605	101.740873754217	43.6878834210068	18.8017227305949	71.1974904007789
879.833333333333	78.6097401709757	56.6464884370974	101.338066289437	47.9091405316634	22.3251690780281	75.4266460874152
881.833333333333	75.5759299593278	57.6368683621651	93.1301947157425	21.4686340518189	6.39544483807773	41.636817037655
883.833333333333	93.0680218691854	71.9040212718229	113.069204678382	30.761190045684	10.7680128676903	55.2573071645874
885.833333333333	100.034197589799	79.2222136955361	118.927551564233	25.0976233072624	7.56565070891673	47.921584293367
887.833333333333	78.4769448239463	60.2618461512208	96.5464395342654	17.6902154807035	4.81951123537938	36.0393821961383
889.833333333333	76.0813130906878	55.0010650888843	97.7936812064977	40.4439836356972	16.7409731850571	66.6703460964138
891.833333333333	76.0945203114193	56.2795503663507	95.2702478316502	29.3250304708901	9.86986185792067	52.6931935821123
893.833333333333	94.7552948021204	75.5512310878867	112.960347207263	22.0286696822289	6.64904168807044	42.9083002436282
895.833333333333	87.5412666794386	68.7510707634962	106.191123659249	16.2952493166896	4.54852799685952	33.9239993860872
897.833333333333	74.568282737498	54.5681501411779	93.8205390914746	31.8400062241039	11.8915433722104	56.0497228568899
