"time"	"s.est"	"s.lower"	"s.upper"	"v.est"	"v.lower"	"v.upper"
0	6.2269458009036	0.6481208117977	16.5036647358764	29993.827570145	29963.8594045577	30024.3956071681
0.5	6.30462152777533	0.64964524513919	16.7783253583631	16993.619374322	16964.0080080892	17023.1569578023
1	6.35442100568376	0.70722553924944	17.252002136191	5993.5636664903	5963.95080875292	6023.00643639886
1.5	6.48435286030734	0.699309211301724	17.0314910230998	2793.50065707445	2763.52427832354	2823.2803188704
2	11.3019570017923	2.15242433106827	23.2994249569552	2288.60759354434	2258.14127400484	2318.90221954859
2.5	10.3808268055844	1.97495234441785	22.2286350968399	2489.65749042037	2459.03316599017	2520.40662976377
3	18.4988695375868	6.68606594579116	31.2880768640891	1181.36616036399	1150.24388125685	1212.43926713966
3.5	25.0835956587799	12.374470699192	37.6934365338121	1974.87132090479	1943.60673102242	2005.68594934774
4	35.7667197134427	22.1258251774241	48.327107600242	1664.09902523242	1632.83209692093	1695.36400159442
4.5	28.6637773298432	15.5446918721075	41.2788361315922	370.998459949824	340.002474798558	401.961385022891
5	44.783753165161	31.0260221789084	57.5362133097453	784.986872254178	753.312231467721	816.222671901829
5.5	55.7222372475332	42.0630395725892	68.741619448967	584.007591955494	552.300288878914	615.354855564111
6	54.7873494848947	41.3837526938311	67.6863684964506	394.664057657146	363.452774321675	426.239047844467
6.5	55.6034254761903	42.0524814367394	68.1561867131072	574.220219531127	542.781188907543	605.65906761185
7	44.836099152486	31.1460044320225	57.6742853699139	254.607352000741	223.246513592006	285.570311648595
7.5	69.7108686227944	55.9684524756593	82.5347126493121	249.591188582136	218.121850380292	281.061732656249
8	61.6169961791599	47.745463308615	74.778266024029	277.871486874312	246.002800576093	309.510798238417
8.5	97.7154479406243	84.0195761796963	110.605678530697	201.37841142064	169.865837078371	233.283523280209
9	72.9805832752846	59.0364088460156	86.6261660814516	27.2681502914302	0.00935622029570581	62.2851605777481
10	61.7792109280665	50.8001247940062	73.5022411999807	17.9219262459061	3.0590386456454	39.8215378433597
11	74.163194339616	62.4949915018338	86.3304888098254	28.210099054327	7.07693526553916	54.2566282420992
12	78.8051965213181	66.8037658519183	90.5672391696407	22.6492054812052	4.58381926352194	46.5043890548403
12.5	108.422507735998	95.5237141166268	119.891875847468	20.1597672179728	3.92723455982465	43.0322713625677
13	94.6326560747188	80.224363735454	105.598458779601	9.96311353692612	1.41920475092541	24.9715337400472
13.5	92.5107811311812	78.4259104779293	103.526872312721	11.3212695013686	1.65207359058802	27.9280188141772
14	65.4299403348026	54.2199202022477	77.3103367146655	22.0422194116674	4.22459126173776	46.112737308948
14.5	55.6040803518151	45.1160615085446	67.6122034113888	20.9886707323618	4.21079095567185	44.5547025868692
15	83.1738316492089	71.0748965136719	94.5987289092117	21.3317842301204	4.18965217760092	45.4530844479154
15.5	71.2513630913972	59.6598069273704	83.4041584064499	26.8756034916891	6.41258022444274	52.5036475025823
16	78.9551733384489	66.8876116484665	90.4214708134503	18.8981895039319	3.45964536733644	41.1706267984495
16.5	74.0324649504448	62.1384886045605	85.288225941093	17.4707760127195	3.0349077470532	38.8618533547183
17	69.7482302164485	58.1110644244218	81.8873728279542	22.6894998416278	4.71164464974993	46.5954963575968
17.5	95.0610192433589	81.0199522179236	105.99187640062	10.7124541322814	1.55413622614843	26.2264438410964
18	44.3396709875307	34.4267218298985	56.332234019905	17.940031786612	3.1394027684605	39.9406175254939
19	65.1982801603889	53.9504064422229	77.2355756868167	21.1652972383511	4.19985329255827	44.4474298174365
20	65.0372841134815	53.8672929589614	76.6419356992432	21.4443546645062	4.17406048614566	44.4080749312387
21	87.2669061596955	74.8456494359826	99.6857944407331	30.9073906390047	8.21909751032696	57.8784308795486
22	68.188642701524	57.0333858990349	80.2873778121161	23.2965193938091	4.97204734262327	47.8980514867086
23	77.6927947061684	65.7460596257549	88.9958952623304	17.4628175482482	3.01163519806964	39.1317273058082
25	77.3442045649971	65.4748030731555	89.3449909082496	24.9420985872702	5.45743162000984	50.4215023902663
26	68.6993748940947	57.3972746267488	81.1367007287525	29.2667457728468	7.29110153910438	56.6875761934134
27	89.4111837994408	76.0178445494617	100.559871231493	12.0619042656605	1.79507560146623	29.4881311771245
28	81.2226720892243	69.0198004302552	92.5641762086222	16.8777803188902	2.95993639852251	37.6712139358711
29	73.8394218944602	62.3704169290736	85.9000663334864	26.6751033956594	6.28917420021567	52.3910439416416
31	66.3824878081303	55.0899209380714	78.0630136954874	19.0018177190098	3.48233269990038	41.2472548284912
33	58.3153493568423	47.5717216482037	71.2128743093993	31.4574764860423	8.5951808765625	58.3804766712612
35	51.6044409769115	41.0200307892854	64.1282834611883	22.6139426433059	4.73258925021874	47.1275312662841
37	71.5210934197084	59.4202843101667	82.4309591240404	12.9930143377328	2.09751480298775	31.4217426237113
39	69.3956915653975	56.7437728403373	80.0344940926521	10.8728982237888	1.65319972884917	27.298056289842
41	95.6189306013437	81.9378505807042	106.524947488055	11.3233139467525	1.67107183212208	28.1059482039546
43	89.4718374030425	74.9891573874817	100.736578932479	9.72930418143986	1.40450117020649	25.0023998990585
45	71.541173913345	59.6879983663573	83.5884173861452	22.7427789963495	4.58649618177796	46.8334935928358
47	76.7311669333822	65.0628331974443	88.5033335623754	20.477447262404	4.08986094800409	43.7785282988631
49	97.1367675514383	83.5582860321821	108.172747163284	12.848698948064	1.90459804436111	31.0371986563293
51	65.8420845499656	54.7217180268969	77.3527786702892	21.0628974777121	4.16578974925432	44.3992703807481
53	77.1055365616488	64.6224885867154	88.2125529030184	15.7943313311346	2.66945325149093	35.9359524262885
55	74.9025771354014	63.4178871644147	87.2643622980584	27.9230795339966	6.64050813539155	53.9282630032545
57	81.6773660034944	68.7643885590039	92.5257001005476	11.4887231714872	1.729239384751	28.0691273120247
59	82.6327439312736	70.1397821678722	93.5531747189595	15.6459391918551	2.6169868680124	36.5436383592509
61	63.2509301782784	51.9937653313163	75.9156329719149	26.8502106032025	6.5209920330592	52.4226889537582
63	76.7598329765727	64.8676109723879	88.5506887280607	21.6048120861614	4.54376481508621	45.3123146435092
65	70.510592275932	58.8862387877105	82.9349334365547	29.953914025099	7.72470720933801	56.2046747307359
67	84.0901787431832	72.0400919016717	95.5265967951663	20.9310883139795	4.13088242324646	44.3063157459458
69	65.855770475641	54.5777073430157	78.1057954263034	26.4252210429843	6.08376377674117	52.4866687355546
71	77.5122868129438	65.0385991578202	88.5480966964876	13.6973700180088	2.15736777298195	32.1405746249111
73	91.9841901566616	78.6273434167912	102.969700334221	13.3819515147061	2.0969510850134	31.9935298564672
75	69.1819374217834	57.6107312947559	80.7367510134334	19.8364172653677	3.84308427773901	43.2097840028104
77	77.7121965284883	65.5054751309885	88.5727546961606	14.5992861743137	2.42763604283278	33.9391505678335
79	63.4655571408755	52.3965971101287	75.8263064873586	29.1853726063895	7.62732009383425	55.1569021581625
81	73.8534706661225	62.2409416676378	86.0003794327738	26.5765975386993	6.24252502724583	52.3158466197781
83	81.3057193580508	69.3835683173485	93.0146988306753	21.3052220733164	4.26265321600382	45.2401454239187
85	69.0175913099385	57.5410964481736	80.4383110766381	18.6515195096304	3.5037025114925	40.8493988958558
87	104.091880050903	90.1700122134429	115.085343520404	11.7749658237766	1.76352016511009	29.169642202538
89	82.9906142801179	68.6511181760101	94.0155203862345	8.86526383261048	1.26510786659503	22.4066000917848
91	89.2175779011573	76.8547188778101	101.762831930686	34.731943203144	10.2432221933944	62.7460190141851
93	70.0297520876509	58.4798841965976	81.1559403848856	15.5818505085362	2.55457931391876	35.8678293457203
95	76.3125275763206	64.6041995990053	87.4762208284458	15.7995646834442	2.61175954469147	36.4043961305595
97	67.7338877864539	56.6528364297538	79.4153900421294	21.0083116830593	4.10648719328471	44.0196901603987
99	87.2708127746787	73.741293860765	98.4420402989279	11.7635232662573	1.76958001741597	28.8951933668693
101	70.6508882567339	59.1854553798841	83.263274655488	30.6713949947579	8.10767096616254	57.3569340389833
103	76.2690970560613	64.1973839426863	87.8626838164285	18.8158317392476	3.50270163819753	41.1391200843888
105	97.5052540535302	83.0114436961415	108.796435713448	10.3820234162838	1.51245344933618	25.9266140437557
107	67.5662439092848	56.2259051617971	79.8315295940226	26.050130420035	5.98325644308309	51.556650338667
109	74.8456649382377	62.7050133657672	85.7252829103602	14.6470125273501	2.46047877606421	33.9219754817633
111	68.1558755580019	56.5109269346689	79.5781288521849	15.5667613943251	2.62842788649257	35.7866584582549
113	83.4026528245839	70.6028301903341	94.5183292732532	15.0321162229346	2.5509427173258	35.0199452943498
115	81.0505603459477	68.1861926656602	92.009174519771	13.9120932894475	2.12579632150178	32.8363509672199
117	56.2797026653891	45.6023541084157	68.2445937207843	20.3112841403645	3.86283371992162	43.670705434146
119	81.6884111224027	69.1232375082442	93.2618904941005	17.839582369791	3.22564894814146	39.4879979735027
121	70.8865504363146	58.9319269983309	82.4574992326422	19.1302226721711	3.54217439061966	41.7042416559343
123	68.6383132502821	57.4191314757513	80.4208608494096	20.623979571942	3.83845792325539	43.949857750734
125	58.0364715160746	47.246048594391	71.4405137917375	38.6071646704124	13.000742447674	67.1611444285419
127	56.7660357788839	46.0620366608061	68.8672397211361	22.9054191358942	4.65046189635293	47.1365861350451
129	63.254330201396	51.778854297168	74.7184959275641	16.7955368174895	2.9422639272358	37.7357563149111
131	74.6061047801427	62.8825304367447	87.3668374995242	37.4521307056191	12.0680753330704	65.9357368455102
133	73.4098669088591	61.8682572386349	85.8285905763373	29.1628807968441	7.41686462319492	55.1144177414058
135	66.9698624111546	55.6302773989656	78.9370001153875	21.3651468627078	4.26741449224736	44.6730575557447
137	63.0931249113775	52.1631519329984	75.2791723834154	25.8799181089628	5.68283994869583	51.2345947643094
139	57.5818056132565	46.6756723008874	69.7168695391386	22.0175136504137	4.45095512383273	45.9651767663349
141	51.2973971541067	40.8361524822489	63.4064238583309	20.8093948664365	3.8966351782381	44.7309577784493
143	77.8435557766448	66.046798955479	89.5537641399821	22.001177955672	4.45313186335478	46.6092767999334
145	84.518251835031	72.1922993964423	96.2916662593607	23.2957364118043	4.9456009550976	48.1128985862678
147	62.0925862093526	50.6502251279573	75.1843452599425	33.1107951787095	9.2636892055544	60.5015581803352
149	71.3314541030848	59.8341952118633	82.9775690133604	21.7368423412784	4.30818375874447	45.2722200188902
151	87.7601838332443	74.879325251194	98.7367395553619	14.411866599606	2.39426146044618	33.7786779864778
153	67.7485786769968	56.4975991635583	80.2265804218384	27.8707096437465	6.53046903008404	54.207719020862
155	101.027940956493	88.1305738497516	112.521177502133	21.3924792437343	4.10564160346624	45.1804996248976
157	84.2521373347791	72.136619320935	95.8617198120242	21.248307020682	4.03542035451327	45.0975885850957
159	88.663092396774	76.0762323839591	100.262726387267	20.3694028100895	3.79982841441536	43.259562560284
161	66.1583986813436	54.3560436361591	77.5925159053984	15.1703136962108	2.5607564963179	34.8875983163868
163	70.0238426385186	58.394493865701	82.6016875401383	33.0972747523806	9.40546697537848	60.189926784418
165	88.9007418764559	75.8388982565415	99.7187807374896	12.8216971678121	1.91451085183396	30.6174549156265
167	78.6550179678134	66.397921979228	89.8602809562296	17.4921306875806	3.16306582912837	39.0357186355803
169	68.376444792404	57.0151644297301	80.9583904567846	36.7367508560809	11.5114284196062	64.7267158609512
171	76.7629203233625	65.0986238760595	88.8240521365914	27.0864683128929	6.13361352650124	52.7696683295382
173	82.4993099355718	70.4559199839106	94.735338714392	30.6055815481871	8.09019193252848	57.1886146918356
175	81.5406918230094	69.2097816238263	92.8113858086068	17.6676256522559	3.20655183337209	39.1298294267801
177	64.6254432986173	53.1244928899441	75.913472450411	15.6281580771843	2.59029866087911	36.2324481613854
179	74.1879851665829	62.3177833836267	85.4729289334812	18.0914613364192	3.27580412802575	40.1576908164465
181	70.0796158118161	58.2732624023628	81.495034230904	18.9733137906667	3.51400046104955	41.6726726307294
183	62.5229497851682	51.2638231097094	76.1113469892088	43.0652710732483	15.812179653921	72.0339402062317
186.833333333333	68.782612838698	57.3402915505076	80.0648049162551	17.945289001869	3.02809525288324	39.8796842159066
188.833333333333	67.4516731431199	56.0211682748219	79.2712827666782	19.2724793184072	3.53885898707607	41.8568288212289
190.833333333333	65.4918084130862	54.2616906592401	78.1760719061122	32.7889152727865	9.13211218373553	60.2978141212073
192.833333333333	71.0610724082105	59.3619255903056	82.4349164899458	16.1323713175025	2.66968004831002	37.2159308381811
194.833333333333	83.0599406162765	69.9461800411994	93.975494888678	12.2554166624573	1.86007187310703	29.6809851582334
196.833333333333	76.0291192711056	63.9050825257698	87.3722205945248	17.803513167031	3.17142110196707	39.7323884964994
198.833333333333	60.1577260079597	49.1453786836343	71.6028758359053	18.5573222511379	3.34753133021356	41.0310045557306
200.833333333333	98.1647132518948	83.7312799241813	109.401064399047	11.2186506411351	1.5984334280162	27.4260096866374
202.833333333333	91.7210787365106	79.3330689387988	103.525964981903	22.2048190510524	4.3718579455461	46.4855396748043
204.833333333333	82.1302672453773	70.1641784467256	93.8942352158119	19.8572733315324	3.58575639047939	42.5583015422721
206.833333333333	107.908959841801	91.3851280948257	120.399091903797	7.75177482358326	1.05814097385363	20.1726013399355
208.833333333333	74.1431131014679	62.4495256635987	85.1375792886966	14.51128602678	2.3170239043901	33.9133803485781
210.833333333333	86.5963500297912	74.531432151063	98.0274577866703	19.2899448101079	3.63890521847676	42.2286929376401
212.833333333333	82.8948795541906	70.4733925865934	94.2070392397896	16.0624824662032	2.73679139692449	36.7981616482393
215.833333333333	58.9385808489208	47.9337917904008	70.5561727999558	16.9904048971417	2.87897650924915	38.3153600222634
217.833333333333	58.8861581201243	47.8423871559034	70.4090899291819	16.6826934149715	2.7844075687756	38.0172659010711
219.833333333333	81.6372491425166	69.5522284556893	92.9686394992132	18.3801296200218	3.33413377823047	40.2696934125023
221.833333333333	66.3252674750775	54.5656797517304	77.5813330914482	15.4394060824667	2.62917123305212	35.5147983396122
223.833333333333	71.8776908324521	60.0980053402012	83.7758837802105	24.7061049022995	5.40915353453306	49.8715515861199
225.833333333333	60.0332721734603	49.0662323399672	72.1679260264068	22.9158632229014	4.77073831595823	47.5838105801928
227.833333333333	76.0928295024574	64.6042506838616	88.6166568982608	30.3292071931919	7.86192576892171	57.0350184416208
229.833333333333	60.1825388405806	49.1740937589909	73.0216226564127	30.9595336995359	8.26167820716054	58.5165718589088
231.833333333333	75.4285238181697	63.4853761347246	86.9312030278194	19.2954154742829	3.65000167597068	41.6333208135005
233.833333333333	86.3903129062335	74.5619034171857	98.0407241423249	23.8850200867369	5.13228745568736	48.6876673655339
235.833333333333	76.1321573884646	64.5040997831989	88.6662106110345	31.818747048146	8.61165441258252	59.4416569313724
237.833333333333	63.9425492060842	52.7527282028531	76.0789469423338	25.9469643081692	5.98099070437226	51.6583304848475
239.833333333333	65.449925606548	54.0291017583913	77.7109470023641	22.5814629303184	4.72649521229328	46.7710029073868
241.833333333333	75.9291701159511	63.7452485549689	87.152794870052	14.519047925696	2.35338251749689	33.59072929331
243.833333333333	85.0474079230717	72.6879375918342	96.1099067878148	17.4481364706736	3.0816273029514	39.1748663061814
245.833333333333	69.59203451901	58.3449513183049	81.9058978788483	27.8960005809979	6.70914040370581	54.0103502555398
247.833333333333	85.9887421473809	73.7145718670557	97.965949048407	27.6948315071691	6.77750131236288	54.0307947271398
249.833333333333	71.8549154849695	60.1319989522593	82.9009664129947	15.7730075598263	2.68524187645747	36.1192717804814
251.833333333333	74.468379340203	62.5970520740444	85.6155173128029	18.3681113533329	3.29149717557722	41.2415193542812
253.833333333333	84.7568383882396	72.3240074600703	95.9059310774486	16.3134922303328	2.80901640522441	37.2474476641336
255.833333333333	61.7767618702821	50.9040687042674	74.3599168213142	29.785925034525	8.03316506543194	55.8970157578884
257.833333333333	73.2165451483503	61.4231516222041	84.5751874684819	17.3001633698684	3.03764720339206	38.8434699407999
259.833333333333	89.1212390237363	76.0937086013361	100.106936045926	13.3836748868799	2.12376521600016	31.9156204451245
261.833333333333	87.7085600864208	75.5911939375326	99.0484143642405	20.4579372031724	3.82234850566756	43.9582538713166
263.833333333333	69.2261183479756	57.7795573646553	80.8516297853002	19.2069264791872	3.50722529520105	41.7923376032112
265.833333333333	70.236653870493	58.5471462699267	81.845099646634	19.7447589378574	3.58497107372107	42.8146468512704
267.833333333333	88.235623881162	76.1435793345104	99.2557382502101	18.5464637103333	3.40362685949884	40.416182316266
269.833333333333	75.2952379447815	63.6297972442637	87.5186161641894	32.2840574979576	9.15403415392836	59.1066546604274
271.833333333333	61.4433581192672	50.1060453018133	72.5602960079377	14.0297717088845	2.28665320629023	32.9080207250849
273.833333333333	94.3292447908355	81.6836497304862	105.276418763449	16.9167275614489	2.74604978971707	38.568935107028
275.833333333333	65.5549952417235	54.2993165338643	77.5715416436824	23.0449898091052	4.99601388143874	46.9078223611402
277.833333333333	64.2181041488734	52.9927129780048	76.0612852872919	21.3222670311295	4.28475652360125	44.550020372651
279.833333333333	72.8242096331805	61.3868367224599	84.8049520750912	25.2129055206579	5.80001351216879	50.6022079807332
281.833333333333	73.3766523168346	61.7920632808131	85.2948053251584	22.3193177187672	4.36499822471346	46.5940452921269
283.833333333333	70.0850347957212	58.7423936770789	82.9031761681586	34.6921262607386	10.3804038171035	62.3256353718402
285.833333333333	93.5835050980734	79.8689814937205	104.44891310019	11.6589497961902	1.81809848379164	28.4902199962982
287.833333333333	86.1506535434805	74.148850544226	97.8296467511724	22.4567275342046	4.75098152369563	46.8434712598361
289.833333333333	81.2416272943773	68.800321660904	92.15551726394	14.1482481268512	2.207259635427	33.1784634612684
291.833333333333	77.7078365623342	65.9088185679619	89.8645166477135	27.0817904569874	6.33404296474427	53.8157991779708
293.833333333333	60.9268177400649	49.7211770535351	73.0703986282143	21.8703834251475	4.43920834759147	45.6696103943643
295.833333333333	60.9720558688123	50.0173163357653	72.9900328246253	21.9373104245947	4.45841724163825	45.9414108437201
297.833333333333	94.0351244742979	79.6179420767186	105.293901792848	10.8171857062712	1.5679414795292	27.150797808575
299.833333333333	68.5889460436444	56.9637978414528	79.666604872835	16.8251655507146	2.89758819145859	37.755585993446
301.833333333333	83.1304140462609	71.0378193253786	95.0458472896812	27.056620505184	6.44334728878755	53.4075719511921
303.833333333333	87.813435865273	75.8364420607118	99.7950607650822	27.9479093905609	6.84263329591517	54.3384677604605
305.833333333333	66.4131706355434	55.129954628927	78.297920695005	24.4488530798821	5.26950853805344	49.76430361554
307.833333333333	70.4760062949417	58.8444540399558	82.3677729685438	21.6588797039399	4.27070015777894	45.6847310388795
309.833333333333	59.4787883461169	48.673523531548	72.4973300257959	34.3295187982322	10.0711363134126	62.1671842125779
311.833333333333	46.0028775255686	35.7582037469997	59.1244103273886	30.2820487649224	8.08138590453172	56.6183064444163
313.833333333333	78.2790212275482	66.5800236567228	90.8517385106425	35.9726052145285	11.4672220247469	63.5853655851694
315.833333333333	69.3045751833666	57.4681460399568	80.4793997606931	16.609623926035	2.91266751946725	37.7384058532733
317.833333333333	62.0973670317205	51.0707457132534	74.2344108349253	23.958137290708	5.26973437805103	48.4959815726142
319.833333333333	47.1764473141514	36.719527135104	60.954642698616	37.5003899516982	12.0396293982671	65.567921958944
321.833333333333	70.6547363481543	59.0545534257562	82.6402012984134	22.6702199607226	4.57293779593839	46.9619693752407
323.833333333333	70.497296379012	59.1626622720392	82.7294605430192	27.9543601110149	6.81731251191679	53.5044407415936
325.833333333333	57.8432128285004	46.8151396701514	69.7405715717521	19.6379505895881	3.60208701962925	42.623248858811
327.833333333333	72.1015748124723	60.7035237442524	84.3061891374438	26.404469207985	6.03959794790669	52.6075379781436
329.833333333333	81.2379438256769	69.3766143378731	92.7002782955078	16.5300046839752	2.92869299091076	36.9753699207116
331.833333333333	85.9521867610527	73.5947175881007	97.2422585746517	21.402844279069	4.25141365383483	45.0843901506678
333.833333333333	86.0924122408328	73.4601660666913	97.0904686402861	14.7997510123897	2.45770642033733	34.5545653917527
335.833333333333	92.8621114872122	79.8945510377902	103.911514135638	15.6430572152611	2.61668542522588	35.6219941129461
337.833333333333	66.3101452085179	54.8696795253959	78.1162188983684	18.3792267938206	3.33137133653158	40.5706233585267
339.833333333333	67.4740202183131	56.2067267717862	80.6162463162332	34.1574228410085	10.2848494711102	61.9199014495164
341.833333333333	76.2601758216109	64.5577092788355	88.2637088942424	23.3523086523326	4.97102086920343	47.937412572998
343.833333333333	73.4343457011715	61.7153850404863	85.6712726627918	32.9515598522812	9.31295229538885	60.3135407233965
345.833333333333	70.5301166685275	59.0247734237125	81.9856950180641	17.3769490943345	3.00196803317325	38.3437194402267
347.833333333333	65.530453698219	54.2606625255595	77.7257915793112	24.4818592939091	5.36173592549301	49.3836321882025
349.833333333333	62.1657457554817	50.914298244541	75.0929885206584	34.4890848793505	10.5124734183869	62.2105192746084
351.833333333333	110.119711811357	96.917439710501	121.367324002492	16.2260040977292	2.83658092402742	36.9457863586823
353.833333333333	33.7232966042517	23.4757105540365	46.8662168648523	25.4018019224906	5.80148653913162	50.9985604680103
355.833333333333	59.0709045525881	48.2704831614854	71.5243332071989	28.2599211750586	6.91406026608747	54.789754361088
357.833333333333	59.9364763722738	49.3122325072972	71.3575504353643	17.0725972130324	3.13401395006248	38.8693232695511
359.833333333333	59.7856673854406	48.7537141165855	71.6645734662616	20.7239438411595	4.14192911979085	43.8229037527819
361.833333333333	77.4444610324636	64.613183990632	88.2505173184088	12.2939203119126	1.92325182431586	30.1645209385365
363.833333333333	75.8843573253284	64.2660235418294	88.0266726634389	28.3352859245164	7.12521941818919	54.2635654006049
365.833333333333	64.0026855616206	52.7187936108276	77.2531355595999	40.2821260362761	13.657646356086	68.758829125804
367.833333333333	67.8593748985554	56.8452166522945	80.0853576895855	29.0620926100363	7.29573740543451	55.3497118879541
369.833333333333	72.8247882522695	59.7832296160842	83.6103411208013	10.636220413004	1.55875353251826	26.5784775843473
371.833333333333	67.7628126444665	56.0721737523506	80.8008570670868	41.8756457932281	15.3006698219487	70.6726125187341
373.833333333333	67.0509955601077	55.6627677148029	79.4711995635695	29.561695392387	7.65172432959373	56.5369911665287
375.833333333333	74.3183797270599	62.6161170736584	85.5782038985672	17.9145422155208	3.13224391933615	39.9579939733029
377.833333333333	71.8808203674078	60.2790076086263	84.1277388060408	24.8772636112084	5.49376350816354	50.1579313789999
379.833333333333	81.1218038288517	69.2433797261068	93.2025296668892	24.5031357760846	5.23662101633296	49.4548914844563
381.833333333333	73.8251394034858	62.0326989013188	85.9826455194875	25.3713228363695	5.7637401142308	50.9490997781118
383.833333333333	82.3892165628913	70.0866387872233	93.9343677566309	22.1987673961155	4.55445390386939	45.990011593609
385.833333333333	84.8546224571069	72.0576058094794	96.0021307605014	13.8649055624112	2.21210946339047	32.7600854758101
387.833333333333	70.2453218376653	58.8934390328492	82.21684717763	26.1948003742552	6.14724047791075	51.8410816571538
389.833333333333	68.0473156660713	56.6870147632792	80.2696102917786	22.9195852418178	4.68706772034586	47.7702123561312
391.833333333333	56.7899958653208	45.842986861152	69.3352332310863	23.0917614568379	4.76307219176822	47.4084026332518
393.833333333333	62.3650457898704	51.2466844743332	74.1097559573906	20.6859265221018	4.08841570549227	44.2225939326451
395.833333333333	92.8966057019366	79.3281509393412	104.036083574785	11.7040825173473	1.7740187339844	28.4978128200474
397.833333333333	76.146594080875	64.4445366894246	88.6015206082006	30.9688666937277	8.05816507882159	57.6504812231843
399.833333333333	60.5304102288651	49.6446322185921	73.6524389991695	35.091274170475	10.9207780715432	63.1113251117193
401.833333333333	79.8175282308031	67.7554614661807	90.8031384427299	15.2696792311788	2.50944206318104	35.6241119455711
403.833333333333	94.6431509325605	81.4521260442207	105.524542685171	13.2708307481411	2.0238885622761	31.7860260162686
405.833333333333	66.734456168646	55.3553689322707	79.5394908720953	39.5845593346989	13.441374261815	68.3378435686599
407.833333333333	89.1870133830104	74.3246118060476	100.674044669937	8.68383281971163	1.22785741079013	22.1474143343759
409.833333333333	81.2642385599896	68.7782202081385	92.4536469186325	17.0136058938389	2.90797689578516	38.1326664462492
411.833333333333	72.2306138913661	60.6917983158168	83.7794446093794	17.4107304296366	2.98700320694353	39.089678867027
413.833333333333	61.9944600326491	50.9478817774282	74.3201460868161	23.4619260033521	4.99152491063202	48.0549247242474
415.833333333333	52.6868709953311	42.1127036153997	65.8605838863376	32.6510138746933	9.25276860317655	59.7039084796556
417.833333333333	71.9043437216026	60.0592882344568	84.9403965702086	34.7958754857149	10.359681721724	62.077432996601
419.833333333333	80.301790632971	68.1206485096841	92.5474648508432	28.1617241790211	6.78836853025775	54.5304418793232
421.833333333333	85.2051455488119	72.9141885386468	96.8651924769796	22.393285681503	4.46296547831428	46.3646363481971
423.833333333333	55.9533739164931	45.2703201717968	68.3049898706829	23.4329368058938	4.83254229464954	48.0270000910452
425.833333333333	77.7054275196194	65.8348346009837	89.5169951310051	20.9646606598792	4.13677970884836	44.830060923971
427.833333333333	83.9623328325613	72.0764427347714	95.5851477261699	19.9725927225607	3.87247232692635	42.8018952678486
429.833333333333	70.0226439604846	58.3036307031809	82.2829445150544	24.6263647568849	5.35671510469676	49.8527162141259
431.833333333333	67.5505887525521	56.0887692666199	80.2098784393349	39.7588769025089	13.7013292028439	68.0442287112326
433.833333333333	68.39137025445	57.0114840929563	80.0857011565248	19.6706307095742	3.64590039898489	42.5373274496113
435.833333333333	138.060588497533	124.603343473205	150.115751160987	36.2514367484942	11.3843938840061	64.2901498717424
437.833333333333	78.7549125978233	66.5579642887184	89.680843057779	14.8587903234771	2.43117373533893	34.4858359885079
439.833333333333	67.0211724361564	55.9093530330461	78.9729746428689	22.380564653949	4.55242331596157	46.1305617005926
441.833333333333	77.5485068461078	65.629180711802	89.107884275006	20.1166737486032	3.82327519237297	43.5417961817552
443.833333333333	78.2594588725868	66.0794761996371	89.5837904787568	16.1106924747356	2.61980157069613	36.8102392767766
445.833333333333	87.184620829265	74.2253099012169	98.0076324708378	13.0790215774269	2.00225653545062	31.1400071055995
447.833333333333	83.1729867715975	70.7622529645555	94.2146481004471	14.4641394583742	2.38937083319681	33.7255057315443
449.833333333333	82.7507785067279	69.9468166458187	93.7470562339326	12.0420784688905	1.80204653552866	29.6700352100678
451.833333333333	48.6819652899843	38.5971428680354	60.5889801875237	19.5985774762206	3.74878591166978	42.7024093499004
453.833333333333	91.8815801781425	78.6834280315803	102.859840967362	13.2122180639714	2.03648839999721	31.9519287389191
455.833333333333	75.7073071378807	63.7861819162314	87.0020370446704	16.644189445022	2.70226525600425	37.5957304971878
457.833333333333	60.836792242241	49.4627555278771	74.3912332184697	49.7072944392296	21.6908057406096	79.3939785278942
459.833333333333	99.4504529559973	86.5830152182024	110.692981395381	18.5197273977194	3.22674595925288	40.5927482634744
461.833333333333	102.076680144775	89.4041044142121	113.613774853526	20.7340281623449	4.0343811445613	44.0706813688479
463.833333333333	87.7583598896806	75.5051977409916	99.3171243605411	20.6880879983168	3.94127767517178	44.17573666827
465.833333333333	76.221304277628	64.6411354583866	87.9669526183996	22.2446735854289	4.46309777692064	46.384604393875
467.833333333333	98.9256292510588	85.9711894725356	110.019662004481	17.1066514404383	2.94069121024187	38.2336629501916
469.833333333333	73.2364560252401	61.5221933019489	85.2151112677527	21.2214872617603	4.318116780684	45.3009515395898
471.833333333333	61.8446410086897	50.818477327267	75.1448047461737	50.4889011553876	22.0369539770997	80.1520958635142
473.833333333333	96.6816769214962	84.0212238553826	108.083252215042	19.232588823006	3.61575292781191	41.779119247176
475.833333333333	77.8888609234354	66.1544242050323	89.6380080000373	22.5679448230629	4.69906429679434	46.8227912874349
477.833333333333	81.9079281954954	69.9805830416323	93.8921347365458	23.9976491188055	5.10631191249999	48.4481647327501
479.833333333333	78.5317465276119	66.7482065039035	90.8626387968014	26.7428132777044	6.33643742955172	52.0831432668294
481.833333333333	114.992367018879	100.151035979729	126.639049545712	10.8595444562339	1.59090990389831	27.1336490089721
483.833333333333	124.624753895898	110.339576507517	135.803169107294	14.038119121601	2.18601823519537	32.8993006897165
485.833333333333	115.057280795329	102.081067596927	126.651699811107	25.8281319048563	6.05017343933434	50.8297117442561
487.833333333333	115.31105245539	102.046007789249	127.317802352764	28.9977796327289	7.17712120814776	55.5663611761644
489.833333333333	99.997327807895	87.3663952574734	111.585593287322	21.1617745452775	3.9033043716577	45.1442569714322
491.833333333333	84.5302474347909	72.5567740766859	97.8135376506381	60.8177213453424	30.8379303583917	90.2875065339731
493.833333333333	100.6220082937	88.1170758018836	112.981974062692	35.5935036234265	10.7859632211427	62.8911517769802
495.833333333333	102.337266468697	89.5127754423669	113.891510394014	23.9763658759097	5.06909701313941	48.7720725762542
497.833333333333	112.074544072861	99.0654614571772	123.822129711858	25.9128579444987	5.7849878516137	51.5649224409649
499.833333333333	98.6176482187586	86.1336076852759	110.696745000734	33.4917926878504	9.5153762524145	61.2133357493525
501.833333333333	114.964557330649	102.069272602261	126.715922124923	24.5380556177838	5.26497179313968	49.5239015871765
503.833333333333	95.647772910435	83.1904339496591	107.937255643817	32.7962036434017	9.06026735384529	59.9828114262913
505.833333333333	91.9183915496212	79.9080396677663	105.056399462234	54.040612530165	25.2027774900374	83.6317585661064
507.833333333333	105.869344343862	93.0850527404646	117.952070963936	30.5190270389873	8.04493515353324	57.1320824051196
509.833333333333	101.597322108611	89.1202183015853	113.891023861777	36.6412393447008	11.6741290661116	64.5367285061664
511.833333333333	104.04177723839	91.5521070990961	116.661969883728	52.094702007157	24.0188004137123	81.9888081636641
513.833333333333	105.602791703218	92.5591019370521	117.079701936961	20.6893247888496	3.94484157701914	43.943173434381
515.833333333333	105.74733926409	93.1309727102456	117.198917859669	20.5281551390496	4.02542918241065	43.5768026990696
517.833333333333	79.8900177418095	67.8886390427914	93.2563474085193	57.6828793663959	27.9000272143777	88.3922497565815
519.833333333333	86.2274397484523	73.6236145587732	98.6912188227725	29.4408887740309	7.35180803879019	56.3464060748519
521.833333333333	104.710127229416	91.8700098646146	116.609297454505	28.0978760691277	7.03019448550217	54.3589855074239
523.833333333333	126.287422320299	113.184452546305	137.78167989881	24.0373672242351	5.23945309241651	48.9319139274393
525.833333333333	91.2549388804694	79.0662867209389	103.648780372256	38.5582324957081	12.8807965304306	66.775996000098
527.833333333333	106.525343767482	93.293694993329	118.620554853732	27.4711640446981	6.39169005600777	53.6922233342425
529.833333333333	128.198778955793	114.965744316954	139.541332831784	18.4945182362614	3.3731572383554	40.1394869292191
531.833333333333	128.657751026489	115.353393629296	141.009317994782	42.8921236526412	15.7535806998931	72.3040842783727
533.833333333333	148.209450344331	134.418393487099	159.824968055647	21.9786882262991	4.26762366693133	45.845995247369
535.833333333333	119.967557017767	107.03900886502	131.705737003921	27.872499836969	6.48918226639382	54.1341854282295
537.833333333333	98.2452681791203	85.8171999104592	111.103867873383	46.8227044504782	18.9179980560116	75.9905541488637
539.833333333333	122.056462932517	108.836314268973	134.009431447591	28.4091679773356	7.2866268976545	54.7970261698597
541.833333333333	114.061067594066	100.707481931621	125.289237576239	16.2897325573307	2.72781544954544	37.0851096507282
543.833333333333	141.464639210115	127.94089952797	153.007223264197	22.2497282387344	4.56610839683603	46.4546496544458
545.833333333333	103.654094931716	91.0797998003919	115.055738475072	20.5719277991641	3.9609852137067	43.8418277486693
547.833333333333	116.896006510848	103.988606183098	128.636823635409	25.2378748888131	5.56408162657615	51.1944117041574
549.833333333333	91.2222979540525	78.9929316553343	104.212992885851	87.6180362609835	57.0719775664681	117.814329753351
551.833333333333	97.8204567059429	85.268486861009	110.540599292528	37.1456396099634	12.299000780335	65.2802142847395
553.833333333333	69.8862301781441	58.2167414507875	82.3851398382203	32.7215344303546	9.11524381973925	60.4904124411105
587.833333333333	61.2443240395644	49.86539969927	74.8945080225651	69.53280214019	39.4684708561687	99.8407273116146
589.833333333333	81.1291972926188	68.963907257173	93.796801405658	39.3453874674438	13.3376391525704	68.1227134558369
591.833333333333	83.2814894100085	71.1996969393755	96.2454808394552	46.5902125302	18.8748967480902	76.1116261023379
593.833333333333	106.076905194637	93.2105776635043	118.349139622798	31.5920285211674	8.6840851476075	58.3142960252286
595.833333333333	126.264617625044	112.274081084014	137.411408910644	15.8819614616705	2.7088731277986	36.499572216941
597.833333333333	112.545546570327	97.6229062820121	124.045949617837	10.192198664799	1.50552602374821	25.4096964139552
599.833333333333	106.665489861055	94.143806852441	119.344454561649	41.360544541509	14.8397131524031	70.2883064291725
601.833333333333	109.482457439875	96.6417067145488	121.521292816941	40.6544970731946	14.3882871166094	69.3431055925722
603.833333333333	99.201956784086	86.6017558821291	111.160894843916	28.8952915422169	7.27390842973821	55.2281036153558
605.833333333333	117.363558738383	104.059622141984	128.786454599878	21.737421806527	4.31939018888921	46.0523978162017
607.833333333333	117.051339565065	104.049365038693	128.638467324135	20.9850981258891	4.06225925235326	44.6434686767758
609.833333333333	81.2655763763189	69.2864172050144	94.0881025375091	39.9265051205523	13.8603473073547	68.0336138788653
611.833333333333	106.015665418347	93.593663344772	117.92653172455	30.4736725909635	8.20235585086819	56.9577143476757
613.833333333333	103.806706871344	91.3352277305519	116.190955980007	41.1574895444403	14.3447217567675	70.3149107685735
615.833333333333	75.916073386033	64.1831543907669	89.027762054767	51.4867824034144	23.2994545820031	80.7506382526409
617.833333333333	148.972426976838	134.618752896408	160.256577281231	17.2054925057988	3.00946735174691	39.0365167804575
619.833333333333	90.0766033412271	78.3364527926567	102.391009865934	31.7689567260639	8.65838394073837	58.669782347591
621.833333333333	102.472379053803	89.6861535377083	114.153630136279	19.3083535651963	3.5901742284889	41.9226770792791
623.833333333333	91.3536911983888	78.9297710078002	103.809386476547	37.3834646191823	12.2154956244861	65.8105463100421
625.833333333333	99.8191817193977	87.1950513472256	111.541639318597	25.8830842978952	5.97791662803321	50.8943012870136
627.833333333333	89.0071497286588	76.740182305741	101.239391931628	30.2891345022303	7.99017064920809	57.044571156934
629.833333333333	82.7726214320193	70.858789367931	95.180687890738	34.7812369483155	10.4853749136863	62.6750469516313
631.833333333333	104.15239882853	91.4937647168076	116.680213374993	55.5581482150436	25.7315919783725	86.1132384516441
633.833333333333	90.8026799290858	78.4686324666853	103.687992806036	46.9586865204439	19.0641856141883	75.6518594242592
635.833333333333	77.331278079162	65.6072175212786	90.0222379381846	36.60829524531	11.9310500450111	64.3043303094749
637.833333333333	109.6290692417	97.096077244854	122.08214194965	49.8928718861552	21.7288889194188	79.122414996055
639.833333333333	97.9718570690499	85.4705558026829	110.055205316951	26.4911327131796	6.269520854424	52.1913385566706
641.833333333333	106.612157124173	93.8906376894437	119.1166422677	46.3851311276917	18.741781076796	75.1801062490462
643.833333333333	99.3900200676992	86.6705209786818	111.444190058747	30.9268100703709	8.20441537514006	58.0572124817951
645.833333333333	119.426730822387	105.54474326622	130.476905494144	15.0082938244589	2.43753940841007	35.2676034814099
647.833333333333	113.900443859614	100.905554925369	125.231906142303	19.6439616772237	3.79744465197255	42.4696531829493
649.833333333333	116.149946269734	102.490719521241	127.225640811904	16.985971661595	2.89596757287803	38.0804291890828
651.833333333333	95.8945989354985	82.8802132138009	107.272745186479	16.2653819262659	2.80924256736387	36.8402605343494
653.833333333333	111.5025677514	99.1015946107161	123.788617175921	42.1641429419939	14.9894937352134	70.6491168268786
655.833333333333	115.394503095487	102.385205895766	127.477262696402	29.4678823244648	7.63367884964446	56.0575405580964
657.833333333333	90.3760481958929	78.0166861674461	102.769479335518	35.1108555068723	11.2239181476145	62.7244434297979
659.833333333333	83.7327636643742	71.7098255910455	96.2464609120496	35.0346209843789	10.3409318900719	62.17164493713
661.833333333333	91.9195597614379	79.4497440176226	105.102212147569	57.7791015679726	28.1005927130461	87.2544137217557
663.833333333333	109.971955206371	97.1958939586305	122.450029522528	71.6071333795867	41.2678408550474	102.227938999806
665.833333333333	76.2689226181489	64.516556478712	89.3523755358946	66.818159853742	36.3905086019942	96.9999248933076
667.833333333333	103.84700891178	91.1459025448499	115.0571065784	17.015578458429	2.92618465076069	37.9122519647575
669.833333333333	103.739319206682	90.5187595215402	114.731239750118	14.7536863087007	2.39155559145337	34.1932665446351
671.833333333333	77.4343363847647	65.8852852870463	90.8027244786415	88.3710759767024	57.2374507303704	118.907339694279
673.833333333333	105.098138781174	92.4024700496942	118.126282681964	66.9990167372424	36.357414437163	97.8803169483421
675.833333333333	107.71932925476	94.7297086458472	120.345015177073	46.319551928552	18.2060943864821	76.0263639576694
677.833333333333	101.1273417544	88.5195733882883	113.390746121609	28.4290472379588	6.95522257509191	54.9363716341381
679.833333333333	95.1005442963848	82.9609716602318	106.81434540627	25.1923395158563	5.70829765554153	49.9620270752407
681.833333333333	82.9075400257841	70.9561848965547	96.3918491630344	73.6823022353231	42.9377171684098	103.759866453161
683.833333333333	83.4536108919858	71.5657012104734	96.4634335642271	51.8154177718014	23.0124223777942	81.5765694685602
685.833333333333	73.4765101149507	61.8104588528393	86.6331387943627	60.7707726264168	31.5122855107537	90.5187594373909
687.833333333333	89.84787305501	77.7771192413481	102.379278228084	50.6409644125578	21.9482955071877	80.1959985491497
689.833333333333	94.7506936395537	82.3306043791673	106.596754122261	24.2745326493749	5.28594756544305	49.3757041889039
691.833333333333	110.849831583999	98.0337954549496	123.723376362778	53.9858203812174	25.0909726499998	83.7754584206041
693.833333333333	68.398822042343	56.915696493458	81.9659909596112	83.6671637063847	53.3247075310343	114.22066208304
695.833333333333	104.640719758935	92.1331334809833	117.103768661928	36.4116245998468	10.83261761836	64.3633507487739
697.833333333333	94.0053939953005	81.5145303176704	106.832076691309	79.1492942654124	48.6958384112815	109.650499697461
699.833333333333	109.879912456573	96.6527106814315	122.437090995852	62.414383705655	32.1774064302342	92.7746651681878
701.833333333333	116.756158854378	103.672379995772	129.0522552759	32.6952062627665	9.30536342389011	59.7362475144693
703.833333333333	97.7827331889567	85.2102032420866	110.142282700872	35.4940155843364	11.2288246180967	63.1655446316745
705.833333333333	110.434434481995	97.3368329805786	122.332925238139	28.0639333605628	6.80429547178429	54.7849024141304
707.833333333333	138.400231699861	124.991704247009	150.635159694501	45.1284419619971	17.5947316398729	74.8280844639491
709.833333333333	129.000689652133	115.789127603692	141.081557229833	30.4316900782718	8.02928037649287	58.1067221833358
711.833333333333	82.1547700836681	70.3091331347204	95.6035979264233	135.904233867726	104.504254541144	166.402402562805
713.833333333333	106.677734700515	94.1280603083786	118.610263838837	27.8706764802281	6.66547386313104	54.0751607585721
715.833333333333	109.700145455528	96.660828267729	121.985463383869	49.6232103028699	21.124560150687	79.5135062709941
717.833333333333	108.122458892099	95.3460591682011	120.400995389362	34.7344804756153	10.4231516990715	62.9958710952465
719.833333333333	89.5288301638831	77.4210773608805	102.246301049386	38.2934639633978	12.5514201765876	66.7287198586584
721.833333333333	81.7600787874547	69.5676115878165	95.0485411424197	73.7711558704596	43.2273462370324	104.075249430636
723.833333333333	99.7575738701951	87.1239778336145	112.852734505566	78.4470542636379	47.6869647027499	109.040714151812
725.833333333333	51.0347643040642	40.2114707662069	64.8356979619986	65.8119679961383	36.1421006232658	96.2105826474381
727.833333333333	99.3063321341074	86.8058926633413	112.031001225161	50.1189686399776	21.3186530777169	79.4963323478606
729.833333333333	93.7717704252519	81.485947809473	106.923723899077	53.2672361354548	24.0492921091416	83.3895697029855
731.833333333333	93.4601121928637	80.9848380901335	106.32737680429	45.7548529027487	18.0430063114852	75.0012195943466
733.833333333333	77.8388526880008	65.9519874048062	90.8988757382411	48.8897990626727	20.4666639277921	78.0849130539483
735.833333333333	120.182282057505	107.554538628605	132.286675733909	44.9608287542535	17.6870768729271	73.4344522111241
737.833333333333	113.317361834887	100.17721170449	125.986947196403	41.7229476841018	14.8483890793028	71.7305727613233
739.833333333333	105.789039951137	93.0759321429351	118.564599257551	51.4574346313771	22.6742971881546	80.6004568567445
741.833333333333	74.454294889128	62.8823682102685	87.9204540909489	60.7464682746607	30.9801517755488	90.9240902747384
743.833333333333	124.58206455442	111.515002276974	136.38361813113	25.6745493027409	5.46553184278947	51.235486823879
745.833333333333	94.6574727886281	82.1886646576953	107.521618769549	56.0759811838115	27.0735368147767	85.8020008017769
747.833333333333	119.339073166274	106.453314551914	131.733771957999	53.678523583418	24.3727481541148	83.6165285797177
749.833333333333	89.2455411503399	76.9581582356232	102.308548855703	60.9312880813177	31.0953524516878	91.2017580177903
751.833333333333	84.7161960466608	72.7408543380733	97.9126479601442	82.5374188583093	51.7677865056079	112.859274185257
753.833333333333	78.2131573586582	66.5027054940337	91.6371762656041	67.717979618935	37.4534395625737	97.7042540257177
755.833333333333	83.194741410256	71.1398966878072	95.2503953883711	28.0465891174234	6.82279670292148	54.4659066632164
757.833333333333	69.0017755186201	57.6868716721551	82.2934301756078	65.0488349803877	34.9763916871456	95.164191279378
759.833333333333	110.375470933812	97.1905097989434	121.68476384916	16.9426568073162	2.90687670321231	38.2237272322439
761.833333333333	92.8008131742188	80.5949309204944	104.936204936984	31.2677449647075	8.45781455216881	58.5588523592213
763.833333333333	98.7067867407362	86.2058005396325	111.811889761538	92.0989058669174	61.2851405913239	122.400734846617
765.833333333333	136.519112417545	123.067104180748	148.054722305004	26.6977764623817	6.32652878038776	52.4391351415161
767.833333333333	119.329620513821	106.035599352443	131.291936240955	30.9354264328615	7.94919625027386	57.8784272314019
769.833333333333	126.754053914536	113.625759098575	139.156808914107	44.4393741773531	16.8655798203282	73.496733241899
771.833333333333	91.942498428318	79.5863010485429	104.89052515619	63.2411864069282	33.5162528141794	93.6974129138916
773.833333333333	94.8361330137228	82.2366855102016	107.833021215668	78.4695161897522	47.8810781756984	109.076161322472
775.833333333333	128.014591202536	114.936787713644	139.851082151126	30.3210243303203	8.04383456052692	57.2390437204579
777.833333333333	103.541358100884	90.8385690000527	115.272756649029	25.529611293202	5.73199717556003	50.9660423489078
779.833333333333	171.01938110564	157.337947911406	183.341816014249	60.3261473017581	30.7586595240225	90.3565860933847
781.833333333333	135.618769276414	122.454868505865	147.794370161657	43.7115982869184	16.3660562905125	72.6016173582048
783.833333333333	122.600538987333	109.421818703207	135.233621715047	85.5454976244354	53.990275742924	116.128224168464
785.833333333333	165.759737340697	151.802111982598	178.109541906348	54.308281104137	24.6936682391146	83.9758290552028
787.833333333333	138.067219423297	124.989814340037	150.701759964686	93.5251398965039	62.026646875068	124.321176719233
789.833333333333	134.910732115586	121.689795722471	147.088759127387	31.858871093085	8.49683421394025	59.1963127879428
791.833333333333	137.847937632937	124.820344570594	150.279715590005	61.473046046237	31.0155813272193	92.1105862020335
793.833333333333	112.065105145667	99.4474811995909	124.715509511098	72.6481542312777	42.5662933423544	102.895003939191
795.833333333333	130.140058939311	115.369777644353	141.243202286268	11.9160172765778	1.77407913597604	29.186851086509
797.833333333333	133.951706025019	120.55229474133	145.871512113849	31.872735393679	8.23371535955279	59.8301511957917
799.833333333333	107.530374345371	94.6324518718724	119.447654779597	26.8941089965108	6.21461974222834	52.5736337014709
801.833333333333	88.9144267982546	76.2534036592814	99.9665618760108	14.5746186038218	2.37583210447351	33.8513594267622
803.833333333333	72.332244073095	60.9354241792925	84.5636313342526	28.6826798087974	7.25443936331612	54.7920175254661
805.833333333333	71.6812660164683	59.8152132499159	83.0059148262773	15.2577559209194	2.51856998223872	35.6941732710574
807.833333333333	80.3463175225863	67.8528614981176	91.212251018677	14.2946474534234	2.26538633987284	33.3460514026825
809.833333333333	80.1904367171178	68.2512490939058	91.3735022803433	16.2085206228865	2.75226782942169	36.8183530153139
811.833333333333	89.6562978647987	76.942600756912	100.746413337233	17.2520612507674	3.00011691601371	38.7392955540188
813.833333333333	78.1089315488184	66.3885759756658	90.4038990846603	33.7920246842711	10.0371535015585	60.8882688153469
815.833333333333	53.6323524676676	42.6826879959123	66.9279885690692	36.3239612904317	11.2275137841622	64.1055981126353
817.833333333333	62.5599598944298	51.3410545029148	76.0066493678273	48.2747579075321	20.1682484431115	76.8729751117425
819.833333333333	70.3014639488388	58.7342923835765	82.3668494236998	26.7207099835508	6.02034763024538	52.6805833490687
821.833333333333	67.2068948155687	55.860545771735	78.8552752234873	23.3330448856043	5.05061842723942	48.0564864273034
823.833333333333	61.5263039714858	50.5224366593963	73.0899835695429	17.2073182047192	2.89732979705975	38.9376387583538
825.833333333333	90.6260707648104	76.830479059505	101.518465702308	11.0246930814855	1.61857887482378	27.3412591313715
827.833333333333	73.712001828176	62.1273154524467	85.760940144547	24.8291334878977	5.36265158194325	50.1431115437
829.833333333333	73.0859850382185	61.5448493799885	86.2428763073331	40.8585940755259	14.4741666331423	69.1647478873038
831.833333333333	69.6949284679094	58.2550318091186	81.4894244601354	22.1946655837081	4.55838839324154	46.3441127287454
833.833333333333	55.9911596185853	44.8166420161844	69.8534865443109	57.4403074478235	28.1999687585294	87.6382206174984
835.833333333333	81.816878969495	69.9821798449559	94.4217309746825	32.5371946750923	8.96590254244199	59.8347544455724
837.833333333333	74.2102552676483	62.6155612754212	85.5427825267973	17.2923375011373	3.0224313253253	38.6154997725313
839.833333333333	73.6946565467301	62.3369834390282	85.3841041702929	24.2508112819484	5.31837814120268	49.1620536284405
841.833333333333	72.9417831708499	61.5356458245608	85.0058418246725	25.8310099048157	5.78096332667971	50.9742992744232
843.833333333333	71.4926970893032	59.8425334182271	85.0697291107226	47.2143629729058	19.1579178890567	76.5295358462545
845.833333333333	69.3561792134578	57.4494630667696	82.2998483687655	39.8011921918627	13.6534441768974	68.3105907833466
847.833333333333	90.8442700219839	78.5098800959805	102.921892390376	31.2210134329176	8.55938484902223	58.3680739184103
849.833333333333	79.8698905215665	67.9597682874362	92.4636258797923	33.3654764972243	9.80105463276218	61.1894025010192
851.833333333333	76.3496353857917	64.7279108271439	88.1818844316913	23.7941532231383	5.15467252154363	48.7547155696944
853.833333333333	71.8073680898493	60.3038349550754	84.1974791705497	34.8310900557952	10.3477501307382	62.9825140579795
855.833333333333	107.120550096865	93.668625406812	118.348778538687	13.3749928079602	2.15792065050094	32.0525863532433
857.833333333333	70.9802728270041	59.7534903963636	83.622212910761	35.5197245040947	10.780234450443	63.0319706367608
859.833333333333	83.4153953541885	71.1866328737443	94.8629873808151	18.1678182407371	3.18138651891451	40.4057381966873
861.833333333333	80.5809194169223	68.7552468098634	92.4766519543341	21.5729417403104	4.22827886387856	45.3370803220855
863.833333333333	83.3481235048912	70.6901701998811	94.7515526223653	17.7163579818978	3.02186707894116	39.8768056617037
865.833333333333	73.7106372159465	62.0995876440938	85.221495578663	19.2413115899495	3.60471659297846	41.98798245328
867.833333333333	81.1160352338706	69.2204218006001	93.2104745218647	25.1655837596252	5.40767676883872	50.9282297834804
869.833333333333	73.9936509655452	62.4933892228069	86.316264610634	27.5740141048828	6.56974969911072	53.4442897213015
871.833333333333	56.8266466401265	46.1207919640456	69.24643726998	23.5203915683015	4.92065674510555	48.2126610393125
873.833333333333	71.5228254737897	59.8666588689828	83.3103118397468	22.8148965725979	4.53675550322429	47.2777820429713
875.833333333333	88.8301268161797	75.0550756449349	99.8080577856901	11.2616193511647	1.66946672814829	27.7944631928624
877.833333333333	59.1123871717532	48.0651243669055	72.5166067618762	44.1463725897332	17.2742344935197	72.7874755706447
879.833333333333	84.2792036226744	72.174499696688	95.9553677531719	22.328627728467	4.69281760909866	46.728978833828
881.833333333333	76.6947173936905	64.8175954871648	89.3935755512791	41.2100530434283	14.5793386832184	69.5356173791007
883.833333333333	86.9598513856871	74.4231751454067	98.315321991471	17.8555870610243	3.15010781385069	39.5532691428738
885.833333333333	112.504489253922	98.5010609690795	123.543363281666	12.8530936812125	1.97201765550107	31.1710477304513
887.833333333333	83.9737520861062	71.2916224297807	94.8925597752862	14.3022444325859	2.35968400662504	33.4481423832772
889.833333333333	81.531727331181	69.38994892046	94.077650090018	28.7544757759035	7.16987944171842	54.9885158950357
891.833333333333	82.7375899562953	70.7388282891203	94.5074425459949	24.2622618078553	5.23921845991641	48.8706245229291
893.833333333333	83.9804008583731	71.5993971111964	96.0929664196947	27.8111297109468	6.74743644260771	53.8345060850126
895.833333333333	97.7829455308861	85.1783130460157	109.021225356501	19.1568492053932	3.55458468744357	41.6481844190357
897.833333333333	53.7314256628145	42.8962177586192	67.1395397662663	39.6607922602088	13.4905240482166	69.0881925515306
