"time"	"s.est"	"s.lower"	"s.upper"	"v.est"	"v.lower"	"v.upper"
0	12.6202649460176	1.48222939793384	30.7192457222159	21987.4046085317	21968.3403796434	22001.3124848461
0.5	12.2235440788543	1.44804987944869	29.8039397644148	19987.782756893	19969.004910461	20001.2100034785
1	13.0873608777352	1.52474478263503	33.3320283117542	9986.90144332065	9965.5045306519	10001.1286901344
1.5	12.5998916441706	1.47676483655964	30.4191426768924	2587.36722392021	2568.33856726976	2601.10286127584
2	14.9474867854661	1.91609774346114	35.1979564936076	2085.01607947444	2063.56809383547	2100.1084932077
2.5	14.4162121901103	1.87209045435931	35.170696855716	1885.55655092544	1863.8645669669	1900.46896213515
3	20.3828148268726	3.45283088377842	42.0061352039368	3079.6249410433	3057.20510000735	3098.10292270763
3.5	23.2098856151701	4.82582172675017	46.8323920142573	1976.8346813676	1952.47634973356	1996.60868284758
4	29.7237328806467	8.65711264645751	52.8223273731905	1170.21712401087	1146.1076477198	1192.22044619574
4.5	26.4840136735173	5.90653162027388	49.5506929369328	1373.52549883677	1349.5104909886	1395.35255455444
5	46.8306213601688	23.1025624745739	71.1488368946681	843.148012752475	817.814160503961	867.672901878254
5.5	43.9364045396553	20.6789571597977	68.2921752804322	786.03059054554	760.535703123851	810.450761013917
6	37.2333719722317	13.6451995733844	61.0145414418934	592.7353210916	567.933559008971	617.707507058897
6.5	44.6852476302454	20.3096760014362	70.0042393449126	505.294575572165	478.720583587506	530.408553485367
7	39.0231948115199	15.2762573016658	65.3535874852669	390.980523496148	363.309520772619	416.024512472149
7.5	43.8904955504782	19.0466252782072	68.9563414344972	356.043109775175	329.804471026478	381.994780674982
8	50.340473453597	26.211219372016	77.2499328188949	279.62011086647	252.075879797571	304.773338515123
8.5	75.8168535567921	49.4707390791919	102.003562215656	144.051381130406	116.698775431694	171.126887896842
9	66.474755422866	37.1263507870853	93.3476995708488	72.4428046075589	44.2628413923873	102.413272383443
10	74.5591556344964	59.5335443056082	88.4221389935544	19.9789319553705	6.60864857625746	35.569935327913
11	84.0151548131854	68.5835711921388	97.088265211976	17.7950110928626	5.19941757531919	34.0174965684561
12	85.6953990465287	68.571299150545	100.794417861591	21.7068173283668	7.05324943282781	39.4706998171786
12.5	117.151273022005	97.2045081458759	136.407464443799	32.69183835262	13.0098668368756	53.3979825762921
13	85.8569874927427	68.8331107223276	101.075282250902	21.6763559021945	6.92494427909979	39.1765469257521
13.5	126.380437808333	104.544466649668	145.921964845024	39.2697879261526	19.1483703743489	61.6892697413311
14	111.648995810369	92.0763725101432	129.374707380017	29.365219480043	11.4350928730298	49.5282825004436
14.5	110.27634870337	91.1274452703346	127.141323402174	25.9205118742346	8.97531712418533	45.2811325995912
15	104.683934650611	84.257232596348	123.79861468314	33.1940162919083	13.7015754291705	54.3105980437266
15.5	117.672138858693	97.6743982309563	134.866782570473	25.5649646711433	8.63108121805305	46.1477763615079
16	126.418766064634	104.888687264076	146.485943942982	31.4910657699567	11.3353134909408	53.8010987176089
16.5	111.473725465753	89.5161282045194	131.857198758627	44.08536119552	23.0340615676821	66.8622024038871
17	111.630553605947	90.1966461677337	132.748518254453	61.6972734764935	39.3468950488984	84.140438193985
17.5	102.837902873171	82.3246312286305	123.2208936931	39.8630952223522	18.7724423528401	61.0722072556593
18	115.295682776445	92.3087954343182	138.405727669442	63.0642191676023	39.0360151618624	86.826172834817
19	130.07705348282	107.295633836457	153.747489752148	100.107815596256	74.9859667664894	123.817912395905
20	130.328783020602	105.201720599896	154.181208571137	99.8249297160034	75.4502226849098	126.128361363115
21	146.180892301207	123.702178993574	168.316660891187	53.2578731171939	30.9159121725197	76.5051948026588
22	99.9412981555105	77.6119931721843	122.9479133653	110.161725285958	85.9689492178323	133.700217160473
23	105.747860826909	84.8346210297733	125.771802561549	45.7127338021379	24.8282702335299	67.6113382034951
25	112.194913965927	90.3123021898476	132.742867626462	49.2812160856675	27.9128789800771	71.8752185673498
26	130.184492853773	107.404222290128	152.289135771319	64.1426950072962	41.3523311892644	87.852510006695
27	127.657227704963	104.973402887967	149.06761626994	57.6751221480688	35.2700461432622	81.7003415369338
28	142.690651489234	119.09420447392	165.910771244274	75.5677589678976	50.8804436898602	100.354738172096
29	108.136965540007	87.3202583133245	128.509802344667	43.4580439175869	22.5156273172846	65.0079297850704
31	127.831670748225	104.719235300971	150.726093707	64.5260394839789	40.4902813170788	88.4757315150816
33	122.160303531715	103.170005211921	140.160349674372	27.8863339465387	9.82722303072162	47.5115584693935
35	138.813179959292	116.145066747032	159.455608740591	42.8315602078505	21.5516338727228	66.3857174361114
37	144.632289078432	122.032384198236	165.287405902967	45.8977349218531	24.5862587936218	69.2667044170068
39	135.404636766172	116.415973741459	152.600250439683	25.8225477745111	8.80489387539149	45.2055300132038
41	123.561203669993	100.916442176028	144.194178580571	37.1517457879505	15.9252736625328	60.4283219501881
43	128.788412358014	106.412700640818	152.432390713175	52.6366261585641	28.4614038733035	76.055904763489
45	147.550713985557	124.829636818882	168.473877366225	35.2845221927692	14.0529184573095	58.7823579620828
47	130.133083076403	106.320882575654	151.803380046255	49.3640975240199	26.6016158190454	73.7390350676648
49	150.685565828114	131.604142824755	166.843461494187	22.74339037427	7.13111975712769	41.7875211309375
51	102.478372598218	81.5000709259879	123.845542372841	59.8092827814639	37.494763950181	81.8275510222724
53	124.446885747482	102.118950610266	145.829776412897	58.9314110330857	36.9226965186801	82.4147470410814
55	118.296662447934	96.6054697372324	137.866405085057	33.5107171873856	13.5494477075165	55.9799846669554
57	133.370255360145	117.386096992339	146.211770069982	13.2787479843655	3.10033233510676	28.7909812168083
59	144.999506414861	124.190688454824	162.633196411509	25.2938200092797	8.03617314244213	46.2411260375436
61	131.356087722049	109.366625495809	154.814455317882	43.2363637876983	19.5359216436392	65.7227100381282
63	111.102446653197	87.6943312169829	133.527512701152	44.501151095253	21.3468375107473	68.7367958861871
65	114.960760333075	93.431016692581	134.437819626107	37.7254920490369	17.6215153899608	60.0323643911869
67	120.649892248591	98.4560517588383	143.423649983049	49.8178749110361	26.6784947217394	72.97906340631
69	126.20009402791	103.957573580483	143.333905038808	25.0077258558244	8.05392720660657	47.8425003079624
71	133.258034596927	112.765875205206	152.937743138903	34.5364375740546	14.4536967877888	55.6735119437118
73	123.951711732082	102.255791953323	143.111874445585	30.992155838461	11.6142952882058	53.3383263295316
75	120.476986849703	100.413659641485	137.856462719119	29.4806420722172	11.9737586130856	50.186497053218
77	134.990383796345	112.567821265314	155.817796368839	36.7302962704194	15.6583140898686	59.9728197957435
79	113.487107037097	91.2000751674535	132.446547686422	31.3992569205253	12.1396347266978	54.0722318141452
81	133.88801521166	113.042879198392	153.844256103419	38.8133190475722	18.3250410705056	60.5547595011191
83	101.689404545417	78.9844730033108	123.341739768365	74.5659303043272	52.1485883889741	98.3909196217135
85	116.221982422328	94.2735367971142	136.851652737346	37.4799171837172	16.3925927062671	60.0989064435425
87	148.31739974596	125.843935543967	170.028738199154	43.2436293710342	20.9685958090615	66.2908104838889
89	107.838118151649	87.6963487987709	128.937072196316	43.8103152420069	22.0664597149749	64.7967105853339
91	141.649494419367	125.406048956585	154.932899074017	13.9698100355832	3.44487843887147	29.6330321063795
93	105.309380536297	89.6843151152559	118.398970646564	15.894754043334	4.33358102820151	31.6362761423066
95	130.888518153365	116.523158006167	143.761364494404	12.9324687185118	3.0888798478239	27.3012718318763
97	104.895597235761	90.0131746695728	117.491404054874	12.8630585030967	3.183280018428	27.2188332076212
99	123.663058331356	109.695999261572	135.897574262201	13.0088827437979	3.20284030953463	26.6632582181937
101	127.949208830037	105.600997726664	148.87516418845	41.6788267372794	20.3223311606868	64.6140636445466
103	139.308190318101	118.239669718183	158.243174030601	31.6258851682563	12.3676444600392	53.5232994720653
105	138.113313137481	119.879227691763	154.371288306622	23.3244841465384	7.41061343939114	41.7805690235044
107	109.444347429991	88.7737080221577	130.955317613667	36.272002144854	14.6396801362524	57.9785448542532
109	123.647324035186	104.896326216809	140.064931931442	23.6764375289164	7.63379813068732	43.039248830587
111	125.998978609944	102.19535903509	147.052939006671	40.6522696424192	19.0297112712203	65.1688790957423
113	113.215492811988	92.1003624127825	134.426985989043	46.3379539521052	24.4594329708318	68.3353153672393
115	126.155016738561	106.865302471429	143.543396179134	25.104837027486	7.88064561296995	44.8082198785302
117	98.3106629878729	77.3323729570887	119.188966738278	54.1423105220947	32.5099321473104	76.0688612571512
119	121.506008644232	100.892723756101	143.953542030438	57.8773242567024	34.3591375080873	79.3638110006613
121	109.90173906248	88.5884005276026	132.547014800208	51.5883438232887	27.7951408361626	73.8458863882024
123	104.683191571738	89.5909758535597	117.101005548156	14.6405984905143	3.93014024729997	29.6197620126684
125	115.556101020016	95.4770391003976	133.384728123566	29.4131914997997	11.4681627174481	50.2011133924622
127	129.248658764895	108.109153472563	149.118475895193	35.4749362468717	15.1419659210813	57.6057526363915
129	118.1166977364	96.1213752486697	140.092951936368	46.4193375963599	23.8587296847363	69.6463038401634
131	113.425455347725	91.404260006607	133.950996730379	39.2981298878135	18.4434824621463	62.3474724552983
133	113.687201970832	91.1588623847147	135.529688591044	51.7599140119768	29.2016312049907	75.4143518797995
135	110.576237997498	89.7030221817533	130.179532361704	35.1981698352872	15.4139534072999	56.9438152495746
137	113.002630026306	90.8342335499928	131.163150623248	27.1506700769188	8.77587536744911	49.8214831586288
139	103.369794199356	82.4986391496813	126.077317151847	56.0016437388421	32.929171565823	77.8476482383738
141	97.7662054911155	78.8643327090709	114.401794380142	26.3771655339073	9.65677016806273	46.2799550088939
143	110.160062478263	94.1813662644613	123.982234960716	17.7158865322048	4.89602967735271	33.695596001567
145	116.643751488703	102.86920888983	129.289321809283	11.4971850938186	2.73910064849997	24.907313423621
147	128.737202139827	108.023886189779	149.161463013635	34.0409731058541	13.4737298465087	55.3387724397896
149	114.806113833855	93.5794356405086	135.003361849167	41.7863835997489	21.2710748299923	63.8500327470718
151	112.117063740955	90.0656436212355	133.953876113981	55.3260606918099	32.6351929104081	78.200230504598
153	131.217557466568	110.528614367933	151.222336188144	35.6055640123662	15.2067209644807	57.0910315491081
155	158.593761973849	134.179503909124	180.405023109858	55.8704607628965	32.8835074696646	80.9899420426163
157	121.313129544928	99.0112224204841	141.957689987672	46.2250990855984	24.7433663756105	69.4656161333396
159	120.214882725379	100.470996109816	138.98532854199	32.6777177319591	13.686473182859	53.2970191257295
161	108.971478839769	87.9579823597935	129.627751344852	45.601390943635	23.5737673625194	67.4937843983804
163	120.325158424394	102.459938638785	134.766528945032	19.3846242698614	5.61377331236301	37.5175161489029
165	104.616117244162	83.5457347241328	124.803071511278	40.0249663308281	19.487635996221	61.9263049443142
167	137.10733061611	114.989520304909	159.556686715284	41.5207093850197	18.554778287817	64.4700759256526
169	109.984379993944	89.2782025687149	130.738627589627	52.4895923456877	30.848485633579	73.9447535332213
171	118.013704422939	94.7644942492668	138.843990928742	45.5523283685234	23.864249936111	69.7246959646205
173	109.90211532801	89.4749730951119	129.950261108022	34.8523005510973	14.2181326977838	56.1028198944408
175	104.115064271996	83.8084026752533	124.38060370519	51.3565929335295	29.9203755089999	72.5888951519749
177	99.5609105932378	78.9144631550264	118.854445235934	37.1527054940735	17.0800708241633	58.5774970663864
179	91.3433326743439	71.9406831459323	110.142312795989	31.5216167500739	12.570212643161	51.760511949211
181	124.350088980355	101.534964452992	142.454726109201	26.8006331216326	8.70470283943825	50.1280877228533
183	113.934429625692	90.9933840278473	136.674571764153	45.6477180312152	22.0381683437539	69.7186680059107
186.833333333333	111.649744133877	93.6973949627311	127.879348497225	23.6966535138075	7.87349988187487	42.3446233917037
188.833333333333	83.6405717094395	69.4626763985511	95.9323207347033	14.6757717675583	3.88074062383891	28.8379262883589
190.833333333333	123.046789392779	102.719803261124	141.645138731377	33.7596783284329	14.5704008044996	54.7307084287573
192.833333333333	111.852359079755	89.3672756993517	135.01298321271	60.4941948257446	36.9086278032044	83.7512589468977
194.833333333333	124.391112436059	101.386908549691	147.715333204123	64.9106685661527	40.3993619325292	88.8605239627652
196.833333333333	107.687590232226	85.9032091773322	129.545715832458	54.7240568398	31.685261906589	77.4358876685478
198.833333333333	77.402601146675	62.7254275739664	89.9332224610975	15.7266319323164	4.56716835167412	30.6794813804342
200.833333333333	117.895221043251	95.9370123353232	139.859668384052	44.6806994665133	22.0792492204133	67.4495980472969
202.833333333333	160.258116657356	138.046597934825	180.907059082463	34.53181608927	13.7679697746618	57.6751873031531
204.833333333333	117.595841430327	99.8299078209333	131.655199121549	19.0626933221538	5.71912220590216	37.2851384387833
206.833333333333	102.050110766407	85.1737579700249	116.276802252092	19.6115059807395	6.06083256556574	36.8460012882971
208.833333333333	111.15122730771	90.3911239456225	132.919050820161	62.2349419643558	39.9533453052519	83.8947073942771
210.833333333333	121.820293322718	99.9730233394095	141.017076584848	33.0421685182812	13.536331521811	55.5581639235443
212.833333333333	111.702834572146	90.6445439652752	132.631665458151	42.8952456428153	21.3151104734472	64.931473633975
215.833333333333	96.9269690467154	76.6509112441876	118.851071766212	54.478878608098	31.5769262247852	75.8332913328742
217.833333333333	105.516452436681	85.1000413072193	128.436412327519	59.8414427554254	35.5249490235677	81.2077401408513
219.833333333333	108.305933038474	87.4944419331915	129.705664062144	49.1808553611657	26.662789673428	70.9375836663917
221.833333333333	103.541800837539	83.2019340550402	122.899203370686	41.0642361290296	21.377860423405	62.3224237667847
223.833333333333	95.8157707364734	76.209656518633	113.461447068412	27.2462133465578	9.64571344447277	47.5241793556248
225.833333333333	113.63894698333	92.7767663613199	134.913666711974	56.7705674691114	34.4942796968882	78.6881955646627
227.833333333333	105.99543220086	85.6317127678929	123.603556560989	27.0743634306883	9.40179396345677	48.4098712632497
229.833333333333	93.628273688574	74.7496557353377	110.236227524683	25.5910496578606	8.84815660806816	45.2507046805931
231.833333333333	103.100211702124	86.0888506055256	117.492176259738	19.6074310541461	5.91514766453917	37.1541340286541
233.833333333333	107.866304152407	87.107496000679	127.38948990714	34.9323047114658	14.9739894001643	56.289125631998
235.833333333333	99.9266231727161	83.4752075550781	113.25899875356	17.0491791276245	4.87269096779969	33.8256869324938
237.833333333333	112.531187886282	93.9637224640564	127.806443415137	20.1274961011059	5.6942378068374	38.5639619980498
239.833333333333	94.2166779815063	76.4222806939413	110.681431883599	25.8977218412905	9.44105093036123	44.2970704238267
241.833333333333	86.6905235092203	67.2719254612603	104.039042626359	28.3277796312616	10.9317985169575	48.4588648218655
243.833333333333	109.841815262841	91.785065356259	124.614073534128	19.8230029169088	5.79608088713197	38.0051763660468
245.833333333333	100.393689555839	80.552291558201	119.406323648181	37.315431301711	17.6513210578932	58.2603724764301
247.833333333333	133.710503684775	114.235674145206	149.982230877142	23.5871854967084	7.75755831020574	43.4796207390816
249.833333333333	109.402794109436	88.1054226489091	131.032486276457	57.01514290561	34.2838350119298	79.2364771659666
251.833333333333	105.073435518683	85.2077244756211	126.414465197449	46.4366385106534	24.0567798015302	67.2095237245798
253.833333333333	109.050018033008	92.0874931349086	123.970514791978	19.6808609756842	5.7214568223155	36.5810641579597
255.833333333333	104.468802773657	85.8496591622218	122.813027863958	32.377086431208	13.5944831326396	51.7614458007285
257.833333333333	123.563859260817	101.381984728055	147.117818379868	56.835528104615	32.5241972156234	79.9168517311127
259.833333333333	126.10947923673	101.951388482341	151.46998653483	49.4075171381846	23.6391055805065	74.5966544572193
261.833333333333	132.243117437126	114.289531520191	148.182861868807	23.0797533393011	7.5699694178703	41.4994181753832
263.833333333333	118.127950060022	99.0305733504104	135.898000771284	25.1205640179122	7.67404428043975	44.4953744284188
265.833333333333	102.543611697158	80.8540797521881	122.013305582319	31.381098948715	11.6903722478109	53.8058219804492
267.833333333333	114.011014943317	92.7887271727083	134.070729127916	38.7486273313881	18.129535360732	60.7867536236922
269.833333333333	105.927536381378	84.7234319561618	124.23019174885	35.8172142245261	16.8080856811074	57.751940375805
271.833333333333	83.7691154815139	66.0140768742864	99.1530464293058	22.5860636893789	7.47290680198997	40.8492388968079
273.833333333333	115.687563181818	97.583032551433	131.049726507502	21.7757357317919	6.79591044861286	40.4483962924322
275.833333333333	131.111810225613	110.530695374079	150.890947451125	33.7524169847222	13.6277978872914	55.0402325905403
277.833333333333	102.570238039297	80.5562483647777	120.918361466478	29.4209349392704	11.0449153708735	51.9993712919741
279.833333333333	112.871627415863	93.0441868014251	129.809499081643	24.4594137611427	7.92502348470774	44.7919143127708
281.833333333333	103.90861718311	82.4240667729516	126.446492471882	65.436467405911	41.8848786892829	87.8607981292783
283.833333333333	103.971606373793	84.6343068830689	122.130580605981	30.9830742945598	12.2376026189202	51.0267077511249
285.833333333333	119.245046319997	97.854254056037	139.73472403193	42.3735701320681	21.3402969607532	64.513915987862
287.833333333333	129.970053818146	111.446290746318	145.739941717312	22.4473169183237	7.23034583848753	41.1830542426187
289.833333333333	108.092385446028	86.4516315504624	131.083696943573	50.3772374216078	26.8270566219791	73.0421236168482
291.833333333333	123.168372440534	102.96770442985	141.289845315126	29.7532817282888	11.367592145229	50.8573855827703
293.833333333333	105.729790301813	84.5852240684128	125.797869442929	43.872482369445	23.306326808403	65.9054113352117
295.833333333333	106.777888209264	86.6668081439117	128.623110441429	42.7424417250928	20.3018355467351	63.8458220576299
297.833333333333	126.784211038809	104.293264478031	147.535123084139	40.8913014217429	19.389401519442	64.1957445735483
299.833333333333	114.018662646837	93.0272706743609	134.373388568061	42.5964192507268	21.5637314433665	64.5778291682809
301.833333333333	117.648792145017	102.053254604167	130.313064476734	14.7108460701238	3.98037027510969	30.2827812896682
303.833333333333	130.419533621047	109.785788203041	151.025296478638	36.3354901961961	15.5077635456869	57.6144206028404
305.833333333333	128.070754985002	107.246980479059	147.731004056062	32.8553557180703	12.8055664927208	54.5506345892994
307.833333333333	94.4923947575395	76.8521423531297	108.779540153063	20.1032943898349	6.26538186620301	38.3423237787276
309.833333333333	109.48031648095	89.2293621795563	127.909475413076	33.3602449290856	14.3413458329744	54.38830380776
311.833333333333	80.0219827225455	61.1119559214185	99.720040441442	44.5270186721985	23.8075925211074	64.5225723471351
313.833333333333	96.3367918448751	78.9354198692749	112.069206453633	23.9375848581203	8.54799995925736	42.0374555679808
315.833333333333	106.603804371079	88.137371750848	124.979580515212	32.2399112294076	13.5210211619588	51.667637297741
317.833333333333	123.893645857545	104.132285578161	142.315950288807	30.0881695409588	11.5085419830443	50.268296364064
319.833333333333	93.1709620614576	71.9703101548145	114.460891127759	51.31260962777	29.2512230845063	73.4459920954038
321.833333333333	101.423073740149	82.8676549238911	118.300107146304	24.8149376736571	8.02478588836521	44.1209933154986
323.833333333333	104.8141443005	84.8075352390082	123.376377306669	32.0259671587776	13.1274201084699	52.7037714990417
325.833333333333	113.371133881844	94.132811072755	130.016103549486	22.9533731570108	6.64503902837954	42.4484806925966
327.833333333333	112.799100629243	91.577274963688	135.084169840771	55.6089933616623	32.6932401374188	77.4437710264422
329.833333333333	105.404298096943	84.7817229164672	124.930160878737	34.3786007055384	14.4986052392635	55.677397334812
331.833333333333	108.009372130152	85.9203219212502	129.901890146081	47.5117781878022	25.1553172796535	70.5600631366865
333.833333333333	110.124217334706	94.5123733673153	122.892278036827	15.1157110790709	3.90078748580009	30.7823815133927
335.833333333333	118.705302372467	100.359599643696	133.401652936213	19.0685955368699	5.40863144525124	37.6528358632745
337.833333333333	87.6659353734342	71.4918585678966	101.85018990787	19.0467045293719	5.66645479918989	35.6388192872486
339.833333333333	119.282656620384	98.9598402768155	137.079941826233	27.8153182178851	9.93866999812558	48.9039139900011
341.833333333333	100.131519140474	82.972010548855	114.891337851092	20.4350478391541	5.92967658262906	38.3977517843063
343.833333333333	103.351471902315	84.2938930624874	119.051205567273	22.061844294064	6.70391017266763	41.3176051444825
345.833333333333	108.326377478711	91.4036775497809	122.827325554913	19.3925571038633	5.52333480562438	36.4350394515331
347.833333333333	100.320839756651	84.3826953681635	114.467164216841	19.3569769807036	5.68348816021011	35.8547319835474
349.833333333333	112.552089876962	90.873378164726	131.172966761698	31.316640177762	12.3335436817318	53.6517760100653
351.833333333333	124.32696625612	107.079416628137	138.561515600216	19.3833659758943	6.0176144308917	37.0173626928934
353.833333333333	67.4942615066238	53.7567079242991	79.51769181952	15.6255450670065	4.51609609114632	29.8762948440146
355.833333333333	118.123173991291	99.6886696608094	133.784668665762	21.4499667773259	6.60996147093705	40.1734934070869
357.833333333333	110.445329456995	92.2575487111257	126.60837652334	23.8569879139547	7.78671498245002	42.6318486336728
359.833333333333	99.4684281410481	80.1200197954811	117.80869543454	30.4331262830426	11.8831309932796	50.4975511358104
361.833333333333	96.0163909404424	74.9066578865065	116.121107362136	49.4607065579353	28.6645921880919	71.4949382037079
363.833333333333	103.235289733813	84.6610576849647	120.570131566145	26.8565581360547	9.75292911320902	45.8687247363961
365.833333333333	109.752024033281	90.8191276848288	126.955196759271	25.4474023107718	8.49114870809682	45.1069042705068
367.833333333333	110.162732064759	94.8250419322046	123.114189145842	13.5504963847821	3.36006851864431	28.4731347652909
369.833333333333	88.2925562636384	69.133815239252	105.517159044564	28.6988545446672	11.0903726534235	48.5851998156979
371.833333333333	110.027466275707	89.1985194440089	130.266015472069	43.574796299957	22.7409704252317	65.478623626076
373.833333333333	117.554345501713	99.0396403792819	132.329026746869	20.9516229646161	6.58503826563941	39.7346859133305
375.833333333333	124.020909475853	104.133723500154	143.686478963493	32.7872318125246	12.7785485611471	53.464843482275
377.833333333333	103.415925603362	82.1568323039291	124.711699613645	44.1656229954864	22.0516839300698	66.4290004802309
379.833333333333	106.165931977702	87.9276980777509	123.130565462468	26.8979112942813	9.8889039926002	45.7674300852932
381.833333333333	103.671041129297	83.2739156543761	122.392924390886	38.0167189948297	18.568870620494	59.3872906732905
383.833333333333	125.22327247173	102.771031600233	144.589991301037	35.5198425791877	15.4673210673317	58.9037591231342
385.833333333333	124.689406106846	106.357002914025	140.739649845148	22.6697403983493	6.93235335684499	41.5853872540115
387.833333333333	116.848618152012	97.0918811702648	134.100122486164	28.1729589298083	10.5569766003314	48.9026384098161
389.833333333333	114.3353421387	96.6072087858667	130.49215718624	22.1342399246305	6.32995948454847	40.3965715903532
391.833333333333	88.7546373929853	72.8774966562135	102.625480217648	18.0208359008144	4.95084111368873	34.1535616161196
393.833333333333	109.161323279924	89.0821084352899	124.696838097041	22.2684003910462	7.25387155130914	42.5444855242594
395.833333333333	121.505898540319	104.957025650903	135.569123253876	18.3088840010857	5.07775507589342	35.3336113770832
397.833333333333	108.013027085688	87.4455376276408	128.721834732511	45.5376515553282	23.9160505128694	67.1875851397924
399.833333333333	116.99624975513	97.4561538761801	133.738388247955	25.2348408625141	8.69356912167849	45.2845941866798
401.833333333333	128.047750805197	111.970827873768	141.796698988561	14.5574782551355	3.57289395180114	30.1501154076509
403.833333333333	118.286068271436	97.8372192209016	136.680771301414	31.5719051086025	12.8573002034786	52.7494064936501
405.833333333333	99.3881039049674	78.8550708193471	117.626910933532	29.679247209001	11.0831466433553	50.8517542654341
407.833333333333	84.3156810382434	63.1462483942	104.536466548963	50.15499988519	29.2626334407066	72.5561370307715
409.833333333333	93.6023452905343	76.9690831974488	107.635917059113	19.0839530560055	5.66193069554516	36.2414701864738
411.833333333333	111.421819488329	95.2871829271861	124.235951088019	15.7211097392962	4.25309747380873	31.5972043722304
413.833333333333	110.092718414761	87.7187798419975	132.535314680286	54.3590528194459	31.1475276679509	77.6393755541154
415.833333333333	103.848665064589	83.3699701324647	124.317272625599	39.860654722449	18.4361618107736	60.8844766318365
417.833333333333	121.610708442324	97.8718536639083	143.93826370101	50.8498208726213	27.6091501947754	75.5481888059692
419.833333333333	125.165481891133	108.470999489432	138.854291635604	17.7508328434483	4.84027950275993	34.6133102998012
421.833333333333	133.072171036837	112.221321716746	150.602742029234	26.1179133281751	8.72681903071045	47.6648758098767
423.833333333333	117.587335607003	97.4939834156294	135.39322902968	28.4667930556107	10.5293412033824	49.2078890634793
425.833333333333	129.531316353672	107.552832166003	151.283647144299	42.0851469119441	19.8412987531388	64.7371853024901
427.833333333333	142.615338298693	122.540515041272	159.29136417146	24.657302973036	8.31253391956484	44.9706970418509
429.833333333333	122.329819594299	102.939968019033	139.850220790066	25.8302640197551	8.36303141998321	46.0146206200935
431.833333333333	112.266115049794	91.1100599550661	131.902088303728	39.3970046399594	19.2396429191191	61.5966827593689
433.833333333333	129.169748338413	109.513654326956	146.130115479553	25.096714648002	8.35398316567481	45.2638632624608
435.833333333333	166.895694402694	143.683889170511	186.673709950615	32.9545857976629	12.8061440935099	56.5307770553825
437.833333333333	143.066403928692	121.386153732709	161.43240545476	30.8839811670737	12.2322700045482	52.772107198307
439.833333333333	115.153406059987	93.621677401522	137.869074513814	52.2767312061548	28.5274636929025	74.7802513473709
441.833333333333	119.303497006952	99.1269029381326	138.472724674719	33.5387054064283	14.0626760266145	54.4598232119575
443.833333333333	134.353291393171	113.339139887786	153.882188105537	33.5087260592975	13.3836610732098	55.2514589898559
445.833333333333	120.950331698606	97.8491675984698	145.305374224299	58.4702923402384	33.40093529348	82.4239699771987
447.833333333333	142.97235071563	124.403204305949	158.589068677819	21.6080606482696	6.68482178502294	40.6962130020962
449.833333333333	130.416944733798	114.985984790791	143.369102858159	14.0694519715229	3.51698779170469	29.3270444398347
451.833333333333	112.304871210867	91.338724833518	134.101435330564	53.1338255421775	30.6364207037202	75.020629917075
453.833333333333	118.757151125621	102.526582424846	132.15759170292	17.1384099657028	4.87507823017945	33.9564437024705
455.833333333333	133.593686922893	113.382101971645	152.733239655254	32.2637084113958	12.8151249500562	53.2312352789147
457.833333333333	120.656936008185	101.035901131376	139.537994254758	30.3292308298235	11.2626872643672	50.6527985655896
459.833333333333	136.18015913628	119.20501013208	150.042889951132	18.5691386869083	5.56834759741246	35.7736402959831
461.833333333333	155.419849205635	133.412252506741	174.860155109079	33.4116053535083	13.6381765538332	55.8678569812528
463.833333333333	154.310668755134	133.206704983417	174.29838102023	32.5971301515167	12.3710842802672	54.2685710143835
465.833333333333	130.428254155415	108.146174825985	153.164812280041	48.1007836592989	24.8650127558897	71.2133374006265
467.833333333333	125.631739478782	103.845653445929	143.347710365806	27.4664230843452	9.57114378407982	49.7356731414083
469.833333333333	104.402151884292	83.7149000271411	123.50485659025	33.4440101290368	13.9146957479224	54.841453406524
471.833333333333	113.095674062424	90.1900217150762	136.067298384543	64.2042992604672	40.549458964195	88.1697893604761
473.833333333333	120.526275125595	99.1634881032358	141.965908997599	50.9223307683014	28.5615169692916	73.2392180624524
475.833333333333	134.717376401673	112.820819163187	155.525722149095	39.9521207579064	18.5268663591591	62.5507970063753
477.833333333333	131.585914114232	112.127321830187	149.062847852667	25.6237331269292	8.28609022810162	45.5068481304401
479.833333333333	139.577485607884	116.519595708705	161.616432591248	38.1415128462345	15.8542415143331	62.0118739517163
481.833333333333	89.024378927217	72.4516695776466	103.818133087779	20.5772450585849	6.36321648154893	37.412122012831
483.833333333333	95.2838227443213	79.5263364036457	108.533341890019	17.5227855489512	4.83562857493809	33.682618959196
485.833333333333	92.788374773306	70.3421181248127	115.514024469714	67.5127145005582	43.7002494023368	90.9584224925102
487.833333333333	97.6464547196993	73.0359846431051	121.248956596012	53.808353970861	29.6928389076728	79.8167601210095
489.833333333333	118.519052494484	96.4024617253968	138.734534187769	32.3968661816154	11.998626767848	55.2109146208718
491.833333333333	109.536775067527	87.3786514625664	130.743832587744	70.7125429067697	48.7674492061446	93.5455894028151
493.833333333333	123.749611378928	103.534665283075	144.730907205602	42.8767942933693	21.5423655402323	64.1352626652181
495.833333333333	119.049974088477	98.5330447792389	139.483773388078	39.5639371992205	18.752803404865	60.8882867373926
497.833333333333	116.823919775892	95.0973132484164	135.700192787172	31.9836369137861	12.8771510534525	54.5141916631271
499.833333333333	110.876762342619	90.2639276114352	129.520411702731	29.0570362879019	10.4438000308366	50.2626955169263
501.833333333333	103.699445777169	82.0365438798028	123.928176041252	42.9170205591646	22.178200621603	65.5202458873205
503.833333333333	98.7081642022747	77.8591342351362	121.06579829278	43.8575707803626	20.8286550515603	65.6794607019766
505.833333333333	94.5263914419557	74.0319828463457	113.994429301469	46.9676325839978	26.6722572825529	68.7680733953457
507.833333333333	97.3547716306892	76.9118936550864	117.31971020533	54.0639525298472	33.4270424546571	75.4583867404405
509.833333333333	106.092857351032	86.157433694912	126.211786339338	40.53376732588	19.8360055699518	61.2737187612446
511.833333333333	90.8974598520694	70.3083804563292	111.050585630115	58.4985475731839	37.4831221894306	80.1625355260265
513.833333333333	95.9721758698055	76.5394234161956	113.732317692197	30.9529691368395	12.8993549413747	51.5721842139061
515.833333333333	95.7356715439651	76.7159180131236	114.317985149407	31.1765003757489	12.2114732800449	50.8794621351633
517.833333333333	104.970160634271	83.853468673651	124.663918247048	33.8620399487262	13.9007969783829	55.7238738664282
519.833333333333	100.014384563744	80.8367829412234	117.512321353431	28.9779827735126	11.5114374512746	48.9812654018822
521.833333333333	93.8717767845733	73.3933550043277	112.784896347634	39.7618127968428	20.0875454831605	61.4024066978998
523.833333333333	106.779365742207	91.9247602642431	119.132249583031	13.7537012596012	3.39466222447761	28.3208018721277
525.833333333333	108.45691784577	86.7578003741257	129.39504982412	46.0855687966611	24.56108906296	68.7460027554836
527.833333333333	102.609574634505	88.0649016414375	115.028162477315	13.9592664389149	3.58462354661425	28.0718817422513
529.833333333333	116.376674308343	97.1482233636984	132.178848309087	22.9580674417805	7.34204989763129	42.6615972957227
531.833333333333	111.074346503423	93.8967793457299	124.859777335558	17.8492858857514	5.10406319611593	35.315687774739
533.833333333333	109.464259638946	92.9150257618968	123.6232561875	18.2911004688529	4.82684052262084	35.4359307317393
535.833333333333	115.572035069433	97.0599639221925	132.559559307295	25.6204129816166	8.76127898403046	44.7231763388487
537.833333333333	102.131915932845	84.8825722034213	116.743230319989	19.5808079033173	5.82783941940584	37.0694483056268
539.833333333333	100.465527131949	82.6274850669933	116.183508484163	22.8441746386727	7.52821063628737	41.1695875643574
541.833333333333	100.651149080924	85.0395525971795	113.593045320032	16.4138075985079	4.61668306676399	32.3606861056819
543.833333333333	93.0273324499212	73.1837706078657	111.192627702313	30.8692800304184	12.3838229044737	51.7554073186794
545.833333333333	93.3409635423827	72.5955376237231	111.498834546874	34.4430770735299	15.638202915879	55.985879185951
547.833333333333	102.986632917963	79.7514398602592	120.874563412469	29.0466826504826	11.1222305830416	52.8128564418369
549.833333333333	106.047018397537	86.2348799875566	122.175061902278	24.2169457972252	8.27496034460986	44.3126275504149
551.833333333333	103.815850314323	82.2952506518022	126.445391033377	48.6751629415795	25.4243103536267	71.3760186992687
553.833333333333	97.5174217046133	78.8014048612894	115.813321940572	30.327178750449	11.842894456205	50.036161156759
587.833333333333	70.5012084385099	51.9073623313124	90.7829630266598	57.8489107422607	36.6742329022305	77.6092537805128
589.833333333333	79.3545075103452	59.4403773942626	100.953210603786	43.2223389569178	21.0163664520417	64.6063551558962
591.833333333333	86.6227895203703	67.9173789990883	105.542454836447	38.0381954799852	18.2021970902135	57.7934014183549
593.833333333333	104.664649892118	83.5577170170251	125.62364436735	35.100868495654	13.8691379987033	56.8091957638279
595.833333333333	111.697319791373	90.9323009583539	130.974670109145	34.1162386160263	14.4682329565396	55.6186619115556
597.833333333333	111.790275997194	92.055591652337	130.270927109715	32.067608273484	13.3953043243554	52.6186276889992
599.833333333333	117.98182791231	98.8994364299801	134.20763193206	23.3039928243442	7.27825748741192	42.9320305110183
601.833333333333	112.933392454589	92.9866094784059	131.910185429056	31.9530506816681	12.6764269442788	52.7783735950812
603.833333333333	99.1018782839614	81.6762559278341	115.449882122058	25.1269576403262	8.93552800533218	43.037349090641
605.833333333333	92.8972133923013	73.5032784103873	110.898149324662	31.0286938468606	12.8650601205282	51.1518829312523
607.833333333333	110.731046281179	91.2191108116124	128.504301556551	24.4472050158959	6.94409552996927	44.4134326570268
609.833333333333	95.1643435482314	73.9443456507232	115.068619295239	34.5322653454635	14.2549589788006	56.7434064741061
611.833333333333	100.402762354785	80.7535570167321	121.397620072212	45.1358774630289	23.3434524029989	65.7876246294121
613.833333333333	113.241347867748	94.5532711908272	129.764526490287	25.9343624915966	9.31812728804257	44.9525495275313
615.833333333333	96.3573488665036	77.588059902024	114.746073372297	31.5170757672628	12.8089800194459	51.2784429288076
617.833333333333	97.375477327192	77.7810861684293	115.450984293598	31.5005852769146	13.171584825235	51.9944205937036
619.833333333333	101.942897512732	82.3714396509358	120.604091069189	31.9678522296008	12.7516011186095	52.255817263761
621.833333333333	113.05889710324	97.2445348398619	126.165909699946	16.1168160959811	4.32557040650102	31.8823140648356
623.833333333333	82.5315991476222	66.929489387472	96.6253728188807	20.0105027188956	6.52915380892131	36.2220111711179
625.833333333333	109.838908988979	91.8902122317978	124.049977050474	18.9058989758113	5.43205635220534	36.8947315620464
627.833333333333	102.765948383715	83.9692748388883	120.631990688908	27.3352149784536	9.34296505290033	46.9075419882527
629.833333333333	112.211400919103	94.9044135968012	127.251655480231	20.4062139614598	6.24993981286107	37.8926562863265
631.833333333333	97.8376477933352	78.3029607320092	118.285776361762	53.5995533979664	32.1348390897104	74.1435841164436
633.833333333333	100.941589117116	81.0481144188951	119.26139319293	30.0286610845572	11.4724838364861	50.7260779782776
635.833333333333	101.157245385013	80.9545228970065	120.211762363263	34.6592830839365	15.4467917820353	55.4500955455325
637.833333333333	104.057403042231	83.490888302546	122.905060891038	30.8436758857513	11.7719751427103	52.3279136225645
639.833333333333	96.8283127778393	74.8883369509753	117.414849279877	42.7985465591225	21.8483823341222	65.6873948807168
641.833333333333	106.467484258058	85.6656070124342	126.493922060645	40.1872933814484	19.6496744236586	61.6461795808264
643.833333333333	101.434528265387	80.5681562340297	122.931976828969	49.0281531424935	26.8281003747721	71.0474895238106
645.833333333333	98.4406563279776	80.7818149354531	114.332883412298	22.9179905345464	7.4369463257298	41.4006062382865
647.833333333333	105.495385338244	88.3621493126526	120.652124248077	21.9375852819978	7.02963906302229	39.6379887849339
649.833333333333	111.453248102785	95.9749628464782	124.085947547486	13.2682755355708	3.30923599755499	28.3124077312079
651.833333333333	114.260233464635	92.3052099185106	131.056696688962	24.0690048749065	7.74690391397185	46.7613256692099
653.833333333333	88.1890590673143	69.4598368244115	107.080081241338	33.6284174986017	14.2867311656165	53.560680729209
655.833333333333	94.3369402373971	73.4628279201578	112.74383010887	32.5514528984695	13.6842080985308	53.9923460214117
657.833333333333	96.1900770420578	76.4662978303464	114.692546941747	31.687315616935	12.8908560827794	52.4424139216941
659.833333333333	95.2083428606801	73.6099735642127	117.344538225919	54.177173811178	31.3470345679527	76.6581267179295
661.833333333333	88.5800928131157	67.5943985025761	108.599339413247	45.9503184233221	25.2726396154343	67.6481160515303
663.833333333333	104.648769883785	84.1710118477946	126.98681019753	54.7792859638401	31.9106780670075	76.4739501271272
665.833333333333	89.0619082489043	68.5543837206637	107.776519024112	44.5011023970516	25.054987752561	66.2030612264972
667.833333333333	100.181782093321	80.8488666695095	117.647831055545	29.7294619900901	12.2141713578275	49.5622442956884
669.833333333333	95.0849989126548	78.7146714275089	109.377266123076	20.4675865988069	6.64250423725774	37.2867782060928
671.833333333333	99.6344418994327	80.962345149044	116.009545362642	23.6810179130206	7.43764226858142	42.9267591748034
673.833333333333	101.877836128383	79.8600859682568	122.082767014575	35.8529435472467	15.2527378892409	58.8757401152767
675.833333333333	103.010394982433	85.9847849854316	117.577706219841	20.5112343737662	6.53271200289917	38.0780408927847
677.833333333333	106.543274282033	87.0032839047835	125.933435481862	34.2752042509137	14.3333091127616	54.434999153371
679.833333333333	92.7434467461469	72.9907144243718	110.423348364408	30.1616724011313	12.0601612266297	50.5734272554242
681.833333333333	91.4699879570726	71.6424248295106	112.343572606363	40.1688393307975	19.1329627637606	60.9928395876408
683.833333333333	95.5596590808066	74.1264350036563	117.262683895934	68.7589108246337	46.0880936130674	91.0655703460127
685.833333333333	94.9759405543641	74.9493071536218	114.133440103538	38.7102098824649	19.0229737263108	59.6135416902961
687.833333333333	99.9214816817957	79.316377635414	118.378772798966	34.8860662863242	15.9010519160171	56.1296962964125
689.833333333333	98.5728502926274	79.2001436428623	115.578659525024	25.5633841403281	8.72621640014273	45.6409193987246
691.833333333333	99.3886728912786	79.169895364634	119.476046863572	38.3022148855052	17.4806226097385	59.7493414286273
693.833333333333	88.1747910243254	68.4768865744727	107.815806482427	45.3978198646956	25.0538123574631	66.0520042364781
695.833333333333	100.832753368878	81.8820408387467	116.886839385362	25.3172766176804	9.19916393476311	45.0268563998141
697.833333333333	101.166927660308	80.2196442688664	122.162930756477	43.3670474466703	21.6171858132462	65.0889625683893
699.833333333333	98.3798241973198	78.7676465847922	117.087392655951	33.5335043015217	14.3643228767962	53.9093989132205
701.833333333333	96.3229559207656	75.7238034459033	115.960302049176	41.3051212480513	20.9455642605594	62.8612381063882
703.833333333333	111.63922626201	89.551763283857	134.640344769987	76.61911178943	52.8381796866873	99.8765741658719
705.833333333333	96.9421054297387	77.7895687857127	115.236264151718	30.952518261152	12.3050345446208	51.2137419450701
707.833333333333	107.448723330963	86.572669049527	126.39680107685	29.5391268672045	10.5026122447045	51.1946154665784
709.833333333333	107.920261669427	86.6779955471753	128.513114719268	39.7031909101874	18.5613405206511	61.9857007609866
711.833333333333	101.677131844547	81.6175808342045	120.637217749788	33.1581516144856	13.7369870792724	54.1602156945119
713.833333333333	109.28360880107	88.7872303206845	128.690511504038	34.5242258223435	14.7982173701001	55.864792217901
715.833333333333	114.064021214336	92.9888574834994	132.138850269311	28.8925941681725	10.7527185547159	50.4744068183809
717.833333333333	96.0313668081869	74.7841215790569	116.933885213499	50.4339092132362	28.6602297405603	72.6746330046833
719.833333333333	92.6560098175383	72.3068341542775	112.563892538263	41.9749310642031	21.6138495050467	63.347042027635
721.833333333333	84.3549759304859	64.4298016894551	105.804665906626	75.9353895788734	53.4319956882515	96.8226331370634
723.833333333333	110.338178629763	90.1660694413847	129.804969545298	32.5108853170442	12.9713619151278	53.1114412383993
725.833333333333	69.7884732631804	51.1000777588118	91.1073674270608	81.4398914939205	58.9710647944796	101.264202872332
727.833333333333	94.8187469779458	74.3595113616557	117.603944444728	55.5056979814331	31.7700181287368	76.9208266281135
729.833333333333	107.49724923959	88.0982685631205	125.893156670793	33.3644192888415	14.4724078844046	53.6352489212778
731.833333333333	120.442779153913	99.1411471881399	141.651253400434	42.1798161672144	20.0728373080794	64.4372844208234
733.833333333333	74.6996666357869	56.517958547904	92.4549324401444	31.24315334853	13.2844640501198	50.3346309488741
735.833333333333	82.2476550055009	62.1618366100331	103.507586096157	55.1372741779054	33.2388335735404	76.4030406484907
737.833333333333	78.7209722186881	60.9669849850282	98.2031055920042	40.9202348226264	20.8846841381042	59.6626859329566
739.833333333333	95.5679434224193	76.1261190240862	113.97305294351	30.3570336270556	11.6826034394906	50.5242772009254
741.833333333333	95.7059452902975	74.5278729573916	118.951080177794	68.6027664637792	44.0828088104645	90.8490201763779
743.833333333333	102.792967893992	84.9873215444708	117.490365420321	19.8877230862588	5.92837985030977	37.8311744296679
745.833333333333	78.4401335331231	59.8385779809839	97.8272576430514	38.1990964790163	18.1933144021237	57.9981666409166
747.833333333333	68.6959753403883	52.7997816600901	84.250060579529	23.5209255297098	7.98830825554271	40.4011957516933
749.833333333333	86.6820247399751	66.7142734353821	106.36103421692	52.7672323104951	31.7269692621986	73.691605402958
751.833333333333	101.196172464697	83.8742436591077	115.83072630901	21.2714841577401	6.89109354236423	39.0187419231883
753.833333333333	110.461922851656	91.7359257632288	126.321951247312	22.8872990198604	7.34274680095416	42.2162187081791
755.833333333333	105.736155750399	85.8123108345056	123.637173888691	28.3617677392097	10.2030735622324	49.062256734687
757.833333333333	99.0706123109749	79.2893430606182	119.773759230331	42.5398139945349	20.9895758040839	63.2653063058104
759.833333333333	80.6049360137853	62.7399369080819	97.9599805356003	27.4505812864955	9.97523356314799	46.0840781128418
761.833333333333	66.5558981250776	53.2593686373183	78.0930260587632	13.1001452958043	3.5993679271157	26.6483610273405
763.833333333333	108.518756010272	89.7013613661346	125.345353966889	23.8301765573089	7.41126157695629	43.2085014745827
765.833333333333	110.732849212817	90.3366754151304	128.5001142573	26.3867335421443	8.76979123060712	47.2115635064603
767.833333333333	103.605982929315	84.3623108077416	118.806062123772	20.0921248903962	5.66573587456395	39.4039612448875
769.833333333333	79.0362249967518	61.3162436557711	95.5032056116342	27.9771942202866	11.0807645890266	46.6314687778877
771.833333333333	99.9848494433145	78.7221653279391	121.733837714533	51.4689083263323	28.9962676482926	73.7516649463369
773.833333333333	104.998952726293	85.0696144289138	126.043940590855	46.5322789011136	24.6866980762388	67.6142574060607
775.833333333333	94.5520616765872	74.4125141256657	114.392535022333	38.0986764961853	17.5120555891675	59.2743293163256
777.833333333333	72.7877565732435	59.067536165487	84.4247848057546	14.4491660562664	3.93735880659559	28.6280074720258
779.833333333333	128.307963156415	108.232781938757	147.003136161938	28.7488320677071	9.97032007926347	49.4218370403565
781.833333333333	114.731496149312	92.4810915628265	137.68437381345	51.6898421842862	28.5064054808956	74.7617325343718
783.833333333333	100.020758169417	79.4691446712501	119.445848172362	36.7204803979514	16.8149929148576	57.9886321173019
785.833333333333	85.421530213823	64.3542757491218	107.854210387593	77.8173980055553	54.7738980614332	100.005644726098
787.833333333333	84.8148753526454	66.314626432939	102.106925681214	31.0684315679951	13.2377279863263	50.4515422872731
789.833333333333	117.353621070183	93.5324278748228	139.781966813759	45.1645766472781	21.9307577896547	69.7955186434885
791.833333333333	102.733059662524	82.4506339961116	124.801130328333	41.8789422368449	19.4413451630195	63.1303419451393
793.833333333333	102.273509943131	85.3662235093901	116.408387604672	18.52490105943	5.42623177758514	35.8042162549218
795.833333333333	119.514888663667	98.0814713445625	140.863146612258	45.0214403945092	22.8662134314155	67.3087367822315
797.833333333333	121.345093664975	102.719621889888	138.605387313599	24.9565040802118	8.01013500843428	44.0074204105129
799.833333333333	97.3159652189267	80.6821066524296	111.31502008906	19.3284888472498	6.08595713000759	36.4630356795947
801.833333333333	107.129620578881	85.2905996019429	127.135443717423	35.5476237459284	15.2344316219939	57.9433352115103
803.833333333333	99.681814726929	78.0348657254237	121.472159332703	57.6264413666928	35.4912082548732	80.3608398654982
805.833333333333	88.3741755294707	69.8083915608328	104.39699146859	23.0492924205931	7.35715065732183	42.2351514590161
807.833333333333	94.0267208875548	75.3690708284058	111.304394061112	27.0421670118671	9.94014610362017	46.3532627806645
809.833333333333	91.2269393273254	72.3573432814555	108.702338697526	29.7167823298327	12.120892414082	49.3042569595523
811.833333333333	101.715153945847	80.6340797348714	123.350407767644	60.628300131472	37.9853340181264	82.6727946242302
813.833333333333	106.765515116898	85.2903628973236	129.750307515625	59.6235064199929	35.9087245551873	82.3164336698589
815.833333333333	110.532493969708	86.8843209651164	131.279724448823	47.9663340923977	26.0640181760156	72.6653047184542
817.833333333333	72.9888371972064	54.3521330832747	91.5696654707967	46.4963002396504	26.871196966807	66.3150955801857
819.833333333333	69.6702209515341	56.3535192168391	81.4338349502071	12.9845536137389	3.34119236149285	26.2499869952343
821.833333333333	83.5970467459688	68.2973414040898	96.9629700400775	18.1718538112065	5.56755505703041	34.0873517540198
823.833333333333	88.2558120221266	67.0363916981112	108.590642765825	78.0173419322558	56.0835632701492	100.342285382535
825.833333333333	92.6518928026443	74.3195373399082	108.75770938475	22.784094324014	7.11321607967505	41.4694413020397
827.833333333333	95.2914827861013	75.9419923375656	113.203843726235	30.6101353857843	12.3607245052877	50.9281753044274
829.833333333333	107.525910139743	86.7716425865422	127.859611158792	43.0795211085613	22.1587592549232	64.7426736510486
831.833333333333	83.0647660300425	67.3608962185958	97.1084330478928	20.475417559163	6.78827768608108	36.7702393792053
833.833333333333	87.9185633243094	68.550330976979	107.911462012798	44.6036199109693	24.118439203537	64.9271150078906
835.833333333333	80.9592975215826	66.9998781748371	93.1303011334358	14.3993246248281	3.69244119249096	28.4231907995051
837.833333333333	86.1467285784666	67.0429636716515	105.001135061966	31.7185621450248	12.6193215821643	51.6171516439747
839.833333333333	88.8291649070932	71.1537357057801	105.002655065491	25.3578625834682	9.08376059198388	43.5950837101308
841.833333333333	76.8425265450497	64.6831502351658	88.4976882099748	10.5752132285712	2.57019510516775	22.314790949923
843.833333333333	87.7835015389192	70.6293574068965	103.040769446012	21.6853496585223	6.62489718025048	39.7392332149273
845.833333333333	79.9432482434154	66.658978353972	91.777605872928	12.7367302173035	3.30015667283254	26.0502927634404
847.833333333333	80.1040055351994	65.0687904948224	92.6780562732662	15.9397062564984	4.49924518090181	31.3685778223228
849.833333333333	90.5513629847477	67.7867361561839	109.272179294824	30.4169516310622	11.4976784364639	54.1495320079666
851.833333333333	99.9787746877976	80.6057896459342	119.065352590219	32.9161353212341	13.3382883994426	53.0538105749732
853.833333333333	93.713004375818	73.883096294491	114.70810973441	38.949051469604	17.7589913343474	59.6022922035303
855.833333333333	106.08292777887	88.9959659593388	120.813615378051	19.6099146708898	5.76756883453884	36.9875529885446
857.833333333333	102.978300813087	84.7437518371557	119.030560256113	23.3723207298243	7.57948698982589	41.944137546555
859.833333333333	102.741771647897	83.6258309894717	121.618945029078	31.129449658445	12.3082726582601	50.8879415122946
861.833333333333	80.3974713840971	65.0622877396838	92.5455844395748	14.8611886906404	3.76446431066309	30.2626928906362
863.833333333333	92.9611645552694	74.4199778413098	109.813843272113	29.0332247899674	12.0626028017385	48.2780115509786
865.833333333333	104.829595760809	85.1408850415336	120.860298696519	22.5603884448744	7.02733571101691	42.810095322631
867.833333333333	77.5636549331093	62.4330895563044	90.1354828949952	15.5567573297176	4.30110394692078	31.2562506063216
869.833333333333	89.4669554562863	72.1841293407954	104.788148098333	21.9467502807949	6.82030502612527	40.0224505952985
871.833333333333	82.5148513374509	66.2716598197275	95.1503711596823	15.6057274702189	4.23799051888452	31.9917934209142
873.833333333333	93.6484761504411	75.2772576489797	109.302516402484	24.5567278109542	8.82871209829899	43.6400248539155
875.833333333333	96.7453833442156	77.0183486228976	113.699673535851	24.5161220312326	7.68616859154254	44.5698019212449
877.833333333333	80.3394372729327	66.7604025129721	92.2885421053276	14.0990239478825	3.77704717590965	28.0392335524378
879.833333333333	79.2657979694126	61.9333835887578	94.5363681959103	22.1873176020536	7.11739752754065	40.074713420084
881.833333333333	85.1511914949789	65.7151311890663	102.233079030881	26.9653165951063	9.60967136092879	47.2379272620567
883.833333333333	92.1866289936631	73.8450192221705	108.744554454646	25.9719413042667	9.41491722257793	45.1754576907395
885.833333333333	91.8560592965282	77.1466087238982	104.676391621791	15.332953723874	4.11791734873755	30.3984170178055
887.833333333333	75.006191016569	61.4529780253337	86.5528739380675	11.8922316732745	2.928667164714	25.3440265491578
889.833333333333	74.2403582593098	56.5991464606328	91.373062094098	30.681516215616	13.1585564919494	49.0931749326296
891.833333333333	74.4146634581466	57.7962915083988	88.6309567376303	20.949812011776	6.86459915282326	38.4696363031876
893.833333333333	101.740048096294	82.794749551133	119.989251381765	31.2015851541877	12.6275796977764	50.5863191679258
895.833333333333	87.8977469780084	71.8566759283263	101.85128126841	18.8932082010292	5.54798023888221	35.404529275114
897.833333333333	87.6033570943158	71.2368827389733	101.516137918544	19.040150497154	5.72624982553482	35.7204164563305
