"time"	"s.est"	"s.lower"	"s.upper"	"v.est"	"v.lower"	"v.upper"
0	6.02337420048157	0.758520147746545	15.419006171479	43994.0266912065	43964.2582829925	44024.0297246005
0.5	6.20449527531557	0.786184686842307	15.8981191418361	19993.8416928877	19964.3154309173	20023.4172038877
1	6.13888549360225	0.78606278090019	15.7031713482865	10993.8416695626	10964.749439002	11023.1491689408
1.5	6.8477343814662	1.01258410500612	16.7393858492343	2393.08627988004	2363.9549830359	2422.54531663125
2	12.2793789963899	3.43500754649109	23.3174744340493	2087.82313430584	2058.33006301448	2117.83746939398
2.5	11.0677187751679	2.78873381201528	22.1198327697981	1688.74486736294	1657.97410386351	1719.04916104252
3	20.7324987186603	9.61043401131103	32.2669865675086	3479.39888521567	3448.55927231522	3510.25021592075
3.5	36.95539372409	24.846007620119	48.640533021596	2263.03683575542	2232.26574374117	2293.61916002914
4	44.7245005209431	32.2767094384	56.3977700066774	1655.2557253576	1624.87655404075	1685.97358348707
4.5	29.9448530116876	18.1957632413142	41.3751870758534	969.752939508327	938.883087428812	1000.64367228577
5	48.0711891933695	35.7910561080719	59.5363649215299	961.736641327079	931.399704049244	992.084776355622
5.5	61.8696838663758	49.4952063266465	73.3905874704506	767.963935658287	737.207628528447	798.677186177389
6	62.9385709878979	50.473476820959	74.5640198404224	456.709280152283	426.114813694244	487.505070129093
6.5	76.9774650414505	64.7233976190609	88.4894261098687	482.769564451369	452.241003132968	513.197036503037
7	58.0098326459992	45.9699904281357	69.5346427945982	221.411549456284	191.001124809096	251.535221813196
7.5	66.0367672476942	53.949491793442	77.4504412772412	183.116929637281	153.042327098133	213.230167158159
8	65.9793896456629	53.5221037800417	77.4394185638603	233.435439278527	202.806190735453	263.878225368267
8.5	80.1190879324539	67.6853959217288	91.8586531674296	148.812648348445	118.253259810357	179.64684651614
9	82.1983925442617	70.0363178029936	93.8876708178626	78.5482823425286	47.7525151926091	109.314009729459
10	74.3109437760054	64.2937174367774	85.1761601321953	19.2870038225362	3.72681290092191	41.4740755913945
11	80.089573945518	69.9091639991277	90.9021139634107	22.5157421639757	4.58251040910719	46.9945965241472
12	89.5754474775145	78.9707293024193	100.812041551893	26.1891450386698	6.20339349393886	51.240907901847
12.5	99.796373126782	88.5608696004833	110.221939487046	19.607286065144	3.66276793129209	42.0127748972246
13	86.0561714964896	75.3189685199081	96.2432833908239	15.858203902895	2.68425600059871	36.2491216174296
13.5	95.8737058265141	84.7259998048884	106.364504643078	18.8419000996581	3.55160972611992	40.9906909471321
14	80.6545772505753	70.3273817759364	91.2485485154626	19.6399026271072	3.77988927258799	42.0175304373566
14.5	89.8326720374054	79.02116552836	101.175129759905	30.6642866323395	8.41865191354234	57.3706094295268
15	75.9500712860141	65.8565089555655	86.7142393438556	19.1623547827345	3.53101486625041	41.3452744160268
15.5	99.1914806193856	87.8737720828188	108.977890755098	13.5009267385447	2.16588062637557	31.6641577799207
16	87.6486315572809	75.6909775112862	97.5866326499031	10.8014665116	1.51420232589664	27.1654796756095
16.5	94.7538249362828	83.269812836445	104.739389204906	14.2329842724416	2.27920857605256	33.292850143978
17	67.5101764246275	57.5924070246451	78.2810607777388	16.4163749638109	2.75722423696751	37.1310466359419
17.5	67.7223534501915	58.0735712617921	78.9048151229113	21.6003793037994	4.41113617175361	45.5124949085961
18	99.3551679775929	87.9162139531771	109.61586894234	17.218665680403	3.12503648451395	38.1950231080865
19	99.2548642730103	86.1636971730119	109.30192752335	8.91720980024901	1.24779590192943	23.0850187737979
20	99.1374918849804	85.9034772758192	109.302180852463	9.01843753881513	1.29446711925283	23.2013752706324
21	88.1075439092628	76.7605243357648	98.1764035518184	11.5249015118452	1.73354805799925	28.1191522199025
22	80.8020309341452	70.5727689591681	92.1628070738173	29.1157939944428	7.61505601905071	54.259735558882
23	83.9420034094732	73.1031859955853	94.2019104829148	14.7642877895774	2.45713016062955	33.8955346782323
25	85.1331518690869	74.6231947247386	96.2419118072604	28.519064589985	7.23962253166075	54.2278956035716
26	105.887402811935	92.6093845521294	115.942503976662	9.07809073229247	1.35902011627155	23.1098120766342
27	96.554383384318	84.4579737636397	106.546064792335	12.0779006336485	1.77934949470034	29.5158949468902
28	74.7147560433107	64.5598837983244	86.7677274182805	31.3858109852376	8.7635870680679	57.9354708934306
29	94.6882526083351	83.781002836888	105.118364968096	17.0624850873178	2.88405476417477	38.2909535611236
31	83.6380119358518	73.0891714029537	94.4183937213506	22.2292288555807	4.66668474932248	46.3121166774352
33	92.1595563553597	80.9779896573135	102.506776226571	18.0045486496781	3.32407750032025	39.5374571449153
35	89.6303265794261	78.8797441801049	100.178249019437	19.8417127554195	3.80692464171339	42.9891447947388
37	85.0597178411841	73.9417073228639	95.1106673840783	12.7734115072688	2.00408939674595	30.4177739320195
39	105.227795434749	92.5201639177729	115.124127475623	10.6242384179641	1.56306316683067	26.4958513985379
41	105.289662745895	93.5013422289154	115.597491310533	19.4655837583589	3.67642489179036	41.9746169883329
43	113.892156125073	102.541363553967	125.292530527914	48.324254606009	20.4415156240101	76.8059089579881
45	90.4082133208421	79.7102127974057	100.729428076198	18.2871883180883	3.37008189131342	39.6676059260476
47	92.5046356881284	81.3684531108066	102.588224642701	16.0465476622849	2.69790922651894	35.9953111037424
49	80.2567107441577	69.9952819075442	91.1921161523409	23.4459036609326	5.05695870666903	47.6287498921086
51	83.9696719563448	73.2226141392899	94.153765022603	14.6759379380183	2.49408709923327	33.6744909113665
53	104.48682280967	92.9037881521049	114.944386893196	19.6375806719853	3.56226708218701	42.2858161227035
55	97.7659221326019	86.390370267386	108.824457583161	24.8625265312766	5.44670162185426	50.2897036022246
57	83.5108313374773	73.0391784395348	94.886824201991	28.6901545216385	7.22323430175577	54.6901705851027
59	89.883219566345	79.1217063942502	100.518942516995	21.7598366808003	4.35371833221313	45.738066207719
61	99.2028534904998	88.1233456135702	110.408677004283	32.6973516330732	9.55115696531926	59.2775728196962
63	103.211815988708	92.1621714706689	113.619813311791	23.5463246222707	4.88049469844068	47.6347124072348
65	96.8726570648679	85.7441080576072	107.308189357603	19.1565407456497	3.57803152227998	41.232156019985
67	94.3057951675997	83.5609701475474	104.83421310047	19.7885761852651	3.72146287688954	42.5619049740623
69	90.8827036231184	79.6269752609573	100.920258819257	13.6491676389397	2.21210210795995	32.1737073689792
71	94.8846831241322	83.8979103809849	105.905917578668	23.5548715345558	5.27831719156402	47.4404815217795
73	82.1543738699577	71.8816874889533	92.6246352411469	19.1198215989194	3.75283326281912	41.4958527684105
75	92.4485697443541	80.9736449763684	102.476081995548	13.016608368725	2.11843221566921	31.0995703626064
77	112.419114212494	100.559929811394	122.504621235992	14.0311273956346	2.31346369546357	32.6168236292177
79	93.9260413860947	82.8948517823725	104.770781281176	24.3204277996274	5.32766383860335	48.8345995453406
81	89.4587435969736	78.925314061042	100.524590300894	25.0804121549711	5.65230974706496	49.8844957665241
83	83.5500932365358	73.0928083098821	95.1344524798423	31.5832972052337	8.75790499815518	58.4720350434758
85	84.5417543074249	73.6882947629224	94.6929329595532	13.9963503442958	2.32568213132347	32.5544807175244
87	132.992343484298	118.833908099729	143.395327065884	9.70572439564561	1.40400437333133	24.4232316342211
89	85.5276827660532	74.8260445634413	96.6638615403227	22.231065161936	4.57087945188287	45.7915051622578
117.25	83.2077071557669	72.7277003695476	94.2852296634342	25.8132303083043	5.86969671717224	50.9115568750471
93	88.3750931311779	77.6325910014957	98.7799662789558	18.0726904225763	3.21047861880288	39.8540201425857
95	76.5092990121651	66.3938880656619	87.4819076095142	21.6754813153548	4.30235857506674	45.1706903247829
97	105.045082109612	92.9332645827846	115.287801219018	14.5060507040667	2.42255665837677	33.9338299025417
99	95.2545407833728	83.6649082767622	105.222988355567	13.2669697582972	2.10594783897867	31.2841720423086
101	103.119035982971	91.361003399449	113.270028025532	14.1273492204744	2.31792087230354	33.1086647748412
103	84.2457870648501	73.4976050028298	94.505653744723	15.8592360961567	2.64627641939585	36.1425013780609
105	99.2600059426654	87.433511842663	109.260777720128	13.7078187992898	2.21028207647549	31.7794434179171
107	94.7238603016622	83.2531073310284	104.705876262969	14.2312172715218	2.29534715529432	33.157912500013
109	102.313071172532	90.6132818271894	112.547227453603	15.0091573979429	2.49614826937253	34.5838831892902
111	95.32266889506	84.0831576341732	105.837419226232	20.687816910782	4.10426455244426	44.0331502510122
113	83.0541880335965	72.4268458343188	93.2206957776692	14.7657684799021	2.434279272396	34.3253630181761
115	72.0795600474784	62.3253366191606	83.1814813894906	21.9057636611578	4.41884986291387	45.4978247944177
117	81.9648335956233	71.1546441792832	92.1316480260986	14.2332394882887	2.29299766811305	33.4796535996693
119	87.4460889932795	76.3174133271297	97.6023026008797	14.0370345236522	2.32527398728842	33.0459181770474
121	97.5347359004721	86.3228594053221	108.146434750302	17.6242307184531	3.23867759622575	38.7504386072079
123	72.8248921757055	62.9370752193706	83.2590084019189	16.2472627777194	2.81306308209947	36.4596293109239
125	81.983850841189	71.3445885347253	92.2550123422025	17.3890049099463	3.05766769259404	38.695792444701
127	76.9222604941284	66.7809402226836	88.1294657259189	24.7440191009982	5.47382207339512	49.7102438725623
129	78.0641638673026	67.8047528134305	89.3543627530984	29.1469618054918	7.70897169116186	54.4266044001948
131	85.298132100153	75.0851487164605	96.5988822177668	29.6236965744471	7.95654815754993	55.788580282531
133	87.6056662536068	76.6311003069916	97.8382492570195	14.526979007831	2.35875894396	33.6103102150406
135	76.3336066347597	65.9680240424317	86.8528602290751	16.0429170394964	2.65530597413991	36.5045737526556
137	95.2076564546081	84.0833809398667	105.721827719661	19.9838556756408	3.8279372472388	42.9263846045506
139	73.4486196522864	63.3280260948955	84.2003215030648	19.360505499055	3.74313384156521	41.7953974262501
141	59.4217859760796	50.0432919037646	70.8749103205347	22.0296602012363	4.52997922848606	45.6307307534331
143	97.9485802859997	86.0659096570612	107.966472636882	13.078998575483	2.16116917450915	31.0760324007959
145	90.1503204341811	78.8338962974862	100.198027145029	14.20881892552	2.28261679735811	33.1007292782118
147	96.8520252881765	85.4336316574289	107.045172551996	15.3628706378303	2.52543317238351	35.7923443718347
149	86.2133564681168	75.0809402478828	96.2542343058872	13.6748510684793	2.20247559936283	31.7873278063732
151	81.6997466735444	70.7044095665003	91.5017435417122	11.080762769955	1.63433455344881	27.10081154635
153	69.5495987024896	59.7905504997469	80.4983934840102	22.7247605352508	4.73811539854227	46.7373932093737
155	115.599403468374	104.284406389417	126.733641837132	45.1995709921213	17.6986039108607	73.7963245616613
157	84.1676542500469	73.7694426961473	95.4213793245987	25.1580688057133	5.69719097480872	49.9881002591853
159	103.82751319227	91.4807069261879	113.729840628997	11.6880183429469	1.75482435777372	28.5402598896307
161	88.8287215639464	77.8330722078007	99.1672622436095	15.8517442075698	2.63796239895311	36.4108960481698
163	101.645066875231	89.559060490453	111.628117190493	12.9562956918113	1.94116149130986	30.9036029622835
165	88.9266114693425	78.1823413090224	99.4795964062389	20.9700778885607	4.0548569444745	44.1101235596937
167	94.9682235513439	83.8445196915426	105.29466043934	18.1956837607247	3.27751227087533	39.6429816866245
169	91.5805941723459	79.649088240224	101.380668097508	11.1480423809278	1.70485368543207	27.0651986315451
171	91.831703214274	80.5907323071771	101.649538344963	13.5630717251736	2.09296811265134	32.449119063171
173	102.007763390457	91.02722341325	113.229742113543	30.7020151255699	8.15054283914926	57.3991025998585
175	85.8192484251606	75.3316489609918	96.362870748948	18.2971957999379	3.41532280460459	40.5476667366558
177	86.6844573205681	75.9776503411774	97.1627789146386	18.3079165057268	3.3671105846566	40.130213110367
179	95.6365167062449	84.1333830450034	105.518403176944	13.8997102135045	2.17673559961296	32.6048028312532
181	69.320048870852	59.6044546741755	80.4162036551307	20.3661588892074	3.82592679076858	43.5349897075274
183	78.7642189306371	68.7469684232304	89.8964788072235	26.009884578825	6.20842477630297	51.2698647612249
186.833333333333	94.6517563577602	83.3020083479717	104.654046890233	14.0812302232835	2.23877215963588	33.0853341260817
188.833333333333	83.8021071854953	73.2480681697687	94.4034641784495	17.1263984449888	3.10394992418575	38.5302418967091
190.833333333333	79.0110690799569	68.8596794532678	89.843298163482	21.5457516639748	4.35056283385758	44.9160752397305
192.833333333333	80.1164650247681	69.8517320095	91.0946212030777	22.5997945913374	4.64284522388812	46.5288247345855
194.833333333333	84.1856564930256	73.6367292290308	95.0278689393459	26.5773111591917	6.36286082407242	52.1487150867798
196.833333333333	75.6036442297607	65.2685935533818	87.409066292803	32.3161622748271	9.18634512290624	58.6885051918206
198.833333333333	75.8889569558119	65.5141862825167	86.2410624297156	14.4701200760258	2.42902707237198	33.5777131840362
200.833333333333	93.7381261125368	82.828152740412	105.03875861142	33.8893980217296	10.0107842070547	61.8647251730532
202.833333333333	115.330777718766	104.004642276747	125.64452386905	22.7619952616124	4.83452538321373	47.0915975768637
204.833333333333	115.351307177504	103.615046295163	125.441901615444	17.3366845831124	3.05881410518001	38.6151647600709
206.833333333333	81.816650521436	71.50140037949	92.6987792357872	21.6111077910545	4.32109606389479	45.0322600927752
208.833333333333	84.8189634872708	74.2763248009208	95.0736452799353	18.3151324384123	3.20189684100073	39.9933656684623
210.833333333333	90.5481978931052	78.7093166046824	100.363401717194	11.0687638601643	1.60539824082919	27.53141689432
212.833333333333	81.7962984220012	71.5714337699688	92.5208106451345	21.0141333416967	4.28440400392008	44.0168933515762
215.833333333333	75.2452049474587	65.2155715802229	86.2415059355157	19.8743801846957	3.89201689682868	42.6863013337156
217.833333333333	73.4489385079364	63.4434688211906	83.8246883458574	15.1850311458587	2.56518315908115	34.5895966782997
219.833333333333	92.8899753533645	81.8840559300465	103.649233737672	23.1835341298971	4.97224427983115	47.6176382546092
221.833333333333	84.1373813874536	73.8868315068739	95.2604374414377	26.4413901569765	6.48539263257875	51.9957430756123
223.833333333333	91.750997433356	80.9019421645927	102.529573324609	21.7187047037671	4.39565387842079	45.1571449095679
225.833333333333	82.1297745165407	71.8146951059072	94.1888815485341	38.0776958786614	12.8818979548877	65.6352596562785
227.833333333333	89.1693259372024	78.3877584863765	100.326166287498	34.0416840473331	10.5408497765008	60.7302980763424
229.833333333333	89.6719938551694	78.9378021007965	100.163247475253	19.0087500635187	3.76658988101572	40.788062888911
231.833333333333	82.6554272139273	72.1011560220779	93.0071581330612	16.5130018973504	2.76728704615928	37.1024582543574
233.833333333333	92.2027162701159	81.3249596787756	102.591497007707	18.6481766811877	3.34080702261174	40.7003018112608
235.833333333333	100.403418293451	89.2779724001219	110.992049354537	22.7733961583257	4.72651684590463	46.3407628938365
237.833333333333	87.5301836582145	77.0226207056147	98.378221907174	24.5530843279251	5.42318571795199	49.1173153979322
239.833333333333	92.1935351002213	81.3307270894258	102.683439944771	18.4981502327805	3.40219098311356	40.5747935761035
241.833333333333	80.2275165786737	69.9506188602057	91.1773494534868	23.5548433795124	5.16418987922567	47.4171260157037
243.833333333333	86.6909817042643	76.1136104807362	97.6158984952108	26.127761565174	6.25714567085003	51.1141281615464
245.833333333333	87.1353180952449	76.1475490893313	97.4513696772814	16.5914624415785	2.8065560166209	36.8104267171809
247.833333333333	94.7067003538789	83.8920953007982	106.079550418881	33.8670254927985	10.1512919950366	60.9104373648317
249.833333333333	75.2853929013892	65.1638757715841	86.5272185830472	27.6854396713042	6.81568980759663	53.1834880993766
251.833333333333	75.4416275205276	65.1167450613859	87.0302845302981	29.5969221716256	8.10823481078049	55.5814947922274
253.833333333333	91.9605982635334	80.9274596314676	101.902394850906	14.5342931217185	2.33279099910379	33.9229639985258
255.833333333333	79.7534402192897	69.35033094641	91.0993925359401	26.6900872397511	6.56863600298967	52.0129201900447
257.833333333333	101.330703925759	90.1599661102542	111.712835175055	18.0253622549289	3.2552196600716	39.4374378186963
259.833333333333	87.6606053210824	77.0115673326148	98.5181866502872	25.6265847832374	6.18781348809391	50.3087396900681
261.833333333333	100.374981590014	89.0230782427715	110.86556213542	18.5364064373532	3.50554491808904	40.4515138047262
263.833333333333	76.0929264245743	65.7620157552722	86.3856799156246	15.0974354578414	2.52111847515791	34.4540702624546
265.833333333333	76.9218809791469	66.8751031789243	88.2017691262335	25.3975802752234	5.78482307764323	50.5143866145139
267.833333333333	82.8655473212991	72.3798583523362	93.2322309528449	17.8350526278904	3.18165505314514	39.1595014471059
269.833333333333	90.3690068723296	79.6380928216481	100.743271649832	18.8093071723683	3.51723071464572	41.0600084352365
271.833333333333	78.3290436341225	67.938169491127	89.2833104224695	22.2099336420219	4.66122933666481	45.8490725087863
273.833333333333	84.2341223430236	73.5001882436104	94.6240691522065	15.7825765793614	2.65206978983769	35.739244343747
275.833333333333	105.092089507004	93.9212867240003	115.797669238688	24.5942776070188	5.55250059484927	49.0872445671365
277.833333333333	88.2182185769063	77.5717509050787	99.4012028704572	32.4105158468375	9.33115133861966	59.408051531229
279.833333333333	99.7772142795683	88.3736881800977	109.903951735432	15.5628213541769	2.71379742817371	35.458887048984
281.833333333333	88.1220357706058	77.4926028899885	98.9268222723126	21.4708611999818	4.30322966938919	44.6350232492825
283.833333333333	88.9933666805384	78.2036983140816	99.227887731764	16.5488296919555	2.70817638350576	37.5539641303931
285.833333333333	94.6417130959803	83.793894986192	105.617713347331	22.2604987852197	4.57539216563835	45.803643283311
287.833333333333	81.8938385021513	71.3520905516724	92.7131114139005	22.092449558293	4.60142226849896	45.7040789152478
289.833333333333	73.1421778432997	63.2158171981103	84.3047200007487	22.9030863424053	4.96139780774058	46.9721148359862
291.833333333333	95.3710837533066	84.6281394047832	106.425130997066	29.5311962703585	7.81390736395175	55.6847535941648
293.833333333333	77.3798059223746	67.0144871747955	87.6822987925338	16.7638506146545	2.86866306651752	37.8549507880001
295.833333333333	77.4350056756517	66.9844715089781	87.9750307925064	16.7452201435637	2.93563550984283	37.7350891039117
297.833333333333	71.1672225810888	61.269591400562	82.886813264256	30.4322182765366	8.21747030106429	57.0329221898574
299.833333333333	74.1283103975318	64.1878647372477	85.8778328315117	36.1670556197614	11.5790162905317	63.4662053474332
301.833333333333	87.6194376417086	76.6259220972445	98.2113079482034	18.5366416431894	3.32114237682594	40.27496805596
303.833333333333	78.2891695318834	68.1689506300012	89.9732540552031	31.8615427545605	9.04842538157173	58.5055270753806
305.833333333333	66.9546560934188	57.2375215921287	78.0291809065935	22.351449200863	4.73029067924284	46.0564788333557
307.833333333333	74.2345298041204	64.106883172176	85.1331930141419	18.5988058998639	3.28011414357321	40.9134498818034
309.833333333333	89.7932508695068	79.2348738910251	101.001307114392	28.6268863826332	7.21334120237398	55.073600305337
311.833333333333	83.9948844045574	73.5912315509378	95.0004983406436	25.5090401480665	5.87202323290942	50.6010760189679
313.833333333333	87.2881086308864	76.7673671978454	97.7858369434412	22.3440258900869	4.74649102834805	46.3218142981332
315.833333333333	80.1281719076311	69.6978518264477	90.8630656104405	17.3556641012478	3.02380346657519	38.6303677963785
317.833333333333	58.8682939116438	49.4647694984992	70.8184816625919	25.3687766075254	5.67564443228556	50.1570846470571
319.833333333333	76.7436492989763	66.5484276217137	88.4855162973537	37.5152428332222	12.831690614407	64.9472121315508
321.833333333333	60.4307696751642	50.6473584515616	72.8898707143371	37.7012704141438	12.7788765056429	65.0809744044422
323.833333333333	79.8040193604204	69.6391073423737	90.9392889670295	27.9759045422134	7.16321805611875	53.987729757445
325.833333333333	87.0672934202052	76.5135035043701	97.8015993439906	21.098789287073	4.0782053526562	44.5129545740043
327.833333333333	73.3818373175648	63.5055226559667	84.5768062603584	25.8307463362666	6.08905643467966	51.0942860370296
329.833333333333	104.149885463115	92.5810107529076	114.064755156619	14.4512468808202	2.35121990082841	33.6854826957712
331.833333333333	82.6224515909642	72.1322985046818	93.4432336060443	21.1478704702801	4.23162607994683	44.049786910312
333.833333333333	82.6202251427788	72.0847536587247	93.5556488472548	21.1334202272011	4.2433113209565	44.6849752873265
335.833333333333	82.4617565634513	72.023954907615	93.9914733181864	27.5253428060243	6.89440291372962	52.5134686857459
337.833333333333	81.2734838134548	70.9264045002126	92.3594019981328	25.1826298024465	5.69934256022176	50.0647942998619
339.833333333333	85.5383755181988	75.2003248923083	96.3526716422507	22.2621730941553	4.47028072493138	45.9963907016855
341.833333333333	73.3647163712843	63.4093976017271	84.0526449369585	18.3458013486818	3.40086322183522	40.1197115839792
343.833333333333	91.2251799813681	80.1072605122914	101.594805108929	18.1080270376857	3.17709459960564	39.7141645126574
345.833333333333	85.8829717811075	75.2746185298488	96.4594535949904	19.1913658992819	3.7245856758544	41.225655160473
347.833333333333	93.5237527583133	82.6075065568667	104.705451765598	30.2397553164288	8.06910190654397	56.4567983486763
349.833333333333	73.505159654223	63.2428136137026	83.9648572229289	15.706883674862	2.54761298805438	35.9281846232824
351.833333333333	108.766766238807	97.3546271733811	119.155564338843	17.8895128666346	3.10560020682515	39.1445298445588
353.833333333333	62.2941116278453	52.8828979403452	73.4625749849595	19.8672543217987	3.73077353917763	42.7246137139065
355.833333333333	87.620326411923	77.1138791019255	98.634108776939	25.0310679557849	5.56095121994091	50.0018256846423
357.833333333333	100.06318515795	88.4285287479753	110.121573283807	13.5736646168399	2.11711107674509	31.826026540526
359.833333333333	71.0643700287312	61.0977117824759	82.8705097447953	28.3680416739737	7.30823423987076	53.5855404208652
361.833333333333	76.767138151608	66.7309291691372	88.7397543801659	41.6596068161401	15.3693932884921	69.2512776222276
363.833333333333	105.713910625518	94.1989136311865	115.896575485456	16.722635170772	2.89756659762535	37.9156810140483
365.833333333333	95.7891365241143	83.4206630075628	105.775417394306	10.5427363859067	1.49149744792277	26.3311017101321
367.833333333333	75.8944047172501	65.6802954087509	87.7804619257399	36.5666191114856	11.7869537363606	64.5133102077693
369.833333333333	80.8070858406462	70.1209026719745	90.6797441540437	13.2820498245499	2.15153743300731	31.0502813073036
371.833333333333	91.6323092123645	80.8423325247114	102.362172680519	20.5456758278715	4.01849212938751	43.1779203225096
373.833333333333	79.5343645971419	69.1101223507703	91.3675286322344	38.3324515796968	13.274713505623	66.3426791769923
375.833333333333	104.215848969552	92.4324666497766	114.206072023557	14.8912616226934	2.5867173571662	34.4141661322175
377.833333333333	72.7960567334417	62.6622879611769	84.3859687363616	30.066497322834	8.19967889910202	56.4643228818975
379.833333333333	92.5280851577336	81.5865913457376	103.800027089176	29.4959581260329	7.85444140894277	55.1970255318871
381.833333333333	81.276828474847	70.8843474451877	91.902841448484	18.4954669647719	3.40004699654768	40.1791455037827
383.833333333333	87.7747715766027	76.631213318096	97.6150246382893	12.823706377516	1.99341515024969	30.44720919695
385.833333333333	84.4171177943253	73.8553252507772	95.7956300236544	29.4279613628686	7.56022493118748	55.384527721949
387.833333333333	78.812153644538	68.297102534851	89.3504312331696	15.2194096097733	2.54311684114226	35.2782886108316
389.833333333333	75.1623514363428	64.94684617062	86.4799537910144	26.5048020368417	6.30200119608678	51.953611413938
391.833333333333	88.6993082707436	77.8872135975591	99.9457233523635	26.1666720654229	6.30961036558585	51.298464079001
393.833333333333	81.392516351025	71.0886522399981	92.5543164559477	25.783260271973	6.07762835440143	50.5159247305946
395.833333333333	86.1873772575463	75.7145496592611	96.9503612306259	20.4232767794793	3.95752343558922	43.495126552127
397.833333333333	111.419218484167	99.3017942983932	121.56855378336	14.0863909083597	2.34751546295278	32.9389386999785
399.833333333333	88.850770522773	78.221955431334	99.5474148172436	19.9635922583715	3.82566764721794	42.5827973070337
401.833333333333	97.2407547739772	85.2758448750692	107.086735124214	11.4758437860023	1.71515483326143	28.1798517406242
403.833333333333	90.6158505861678	80.0122826797046	101.905559600026	27.5335597771247	6.53693803647677	53.4894386576619
405.833333333333	75.925188330679	65.8459431369039	86.4711732899158	18.4995535592784	3.2906680857458	40.008777614408
407.833333333333	70.413372875915	60.306639531126	82.1719764654067	33.8548776760843	10.3372937274787	60.5982878924602
409.833333333333	92.8185869371217	81.7872867309534	103.227535882812	17.4584536551068	3.2467213002186	38.8059792483423
411.833333333333	93.7267445599019	82.8895347856529	105.050315800548	32.8671608528034	9.46701367184319	59.5432024266865
413.833333333333	95.7218923872062	84.4907750345156	105.677888132527	14.1718174004263	2.25403628364638	32.8566959570455
415.833333333333	81.103101655027	70.7139380438617	91.5802263677552	17.2862471650144	2.96189417125771	38.7303061443298
417.833333333333	93.9187645677809	83.0340189727208	105.810249970007	37.3829067669438	12.179024963146	65.2711478790109
419.833333333333	98.0159214477256	86.4630429966551	108.011395655676	13.0373837167	2.03997422884998	31.0069647293729
421.833333333333	101.499767839864	90.2861331246347	111.874345200343	18.5057553130971	3.38792173200696	39.8203472202238
423.833333333333	86.3357345034737	75.7551525018064	96.5413630258417	16.5087799590246	2.75088779902596	36.7741138599316
425.833333333333	104.365150018592	92.877898412933	114.55828265473	19.4141380677331	3.57419186108581	41.9090259114639
427.833333333333	101.353248500678	89.8257628314957	111.535907723526	14.7373301566432	2.38181503118541	34.326720257781
429.833333333333	85.7918365717784	75.2855803212757	96.5406594202459	18.7735904886981	3.39464705468929	41.1061757368898
431.833333333333	83.0280477671989	72.6200666378584	94.8853667584152	35.7987417911268	11.3464580490193	62.8124831830657
433.833333333333	89.2945477247093	78.2336558914916	99.4132137864718	14.5083705989375	2.36862503922	33.3689158687845
435.833333333333	154.985408628868	141.748983680739	165.196433456851	15.1985553153065	2.47049684622059	35.393095853766
437.833333333333	85.2202204519949	74.7794107330396	96.4209783743494	29.7392539467205	7.52244274578173	56.2663377271096
439.833333333333	74.812734385221	64.7776194478661	85.8640494206433	21.9755770154967	4.57638499646608	45.6860372348614
441.833333333333	99.7633983062362	88.5976957929526	110.017934124588	20.1424518660535	3.8876207171533	42.9844482069368
443.833333333333	98.9450029935188	86.7558124351233	108.79094620668	11.3625027370229	1.68721299482156	27.6840805186842
445.833333333333	115.882779422443	103.591963336872	125.647212275332	13.2897500082017	2.12461273017992	31.7181852417275
447.833333333333	99.5557600866844	88.6429894552372	110.384810274178	24.5028500321001	5.5230825485092	49.4733430960805
449.833333333333	84.3272086332917	73.8801295860573	95.5674306453836	31.2376133676377	8.80439199211222	57.8975913597303
451.833333333333	87.3062708354158	76.6826107941638	97.7497848813433	16.7998172303968	2.92769973770948	37.5619934435774
453.833333333333	87.5724983146385	76.6962938772423	97.7133205917662	14.5675069256942	2.38636514630742	33.8022259746775
455.833333333333	112.581274318829	100.391978513963	122.477700044422	14.7049502449686	2.50136396804581	33.9496213154635
457.833333333333	83.1051798906543	72.8354447929793	94.9162734258985	40.3210833567144	14.6259637839651	68.1828571181464
459.833333333333	119.99720689435	107.470087266135	130.090774684984	14.1522109102423	2.29601352351267	32.9885621957769
461.833333333333	99.4566751028339	88.233223371748	109.706129837237	18.0737107166698	3.19632870947112	39.8181538694311
463.833333333333	100.26808631705	89.0902938305381	110.428797732803	17.6346548312113	3.12482419038979	38.7302842642346
465.833333333333	100.704936055755	89.9208677414482	111.447712398978	26.246240632785	6.15949207772965	51.5037997672431
467.833333333333	97.728243833216	86.8971769892823	107.891183968893	18.1520771765437	3.40792378952454	39.7081289592963
469.833333333333	97.1127161334941	85.9599964938356	107.846470362127	20.5978683286679	4.01840782450745	43.4211505374266
471.833333333333	87.457750739715	76.8384863577333	97.9352272021	17.6252596184848	3.20418830182578	38.9213911656679
473.833333333333	108.833918474756	97.3856478434191	119.757395947918	23.7583646186011	5.18614675063123	48.6435118771486
475.833333333333	111.93622624263	98.3124103349761	122.183974304513	9.68434943569729	1.40091651976619	24.4528630763936
477.833333333333	96.9066218762821	85.8287157327841	107.234160599514	19.1584322941056	3.47228864563229	41.3534617392858
479.833333333333	100.065415537734	88.415110659415	110.194701602754	13.774412712723	2.22140422077965	32.6236485885175
481.833333333333	94.7991317647839	83.938089236042	106.146756794943	35.3158729361088	11.1714230423074	62.1732428118473
483.833333333333	130.021817468523	117.563967092024	140.317874573718	19.5142595662501	3.58595617342485	42.0316086166079
485.833333333333	107.24448688666	95.9421753423343	117.975785356226	27.0599105017328	6.57049072374948	52.4653049580414
487.833333333333	98.8247795774501	87.9584376858905	110.133402903329	45.5946100089558	18.2791711922196	73.5696564143847
489.833333333333	88.9900496504736	78.2207682715487	101.044413056482	72.0835341079862	42.3074911293667	101.863589719998
491.833333333333	122.457542266488	110.62526436703	133.633743742116	57.6026126775902	29.0627924250252	86.479966985365
493.833333333333	116.087577797583	104.561002035392	127.001705988059	32.5373053855805	9.64616506069657	58.9031247700549
495.833333333333	102.367018477828	91.2122170178948	113.881300276551	42.6993145037381	15.9436428336148	71.3991628917112
497.833333333333	90.2228393411334	79.5886339441864	101.729869046523	38.1307732578549	12.9947791306811	65.5925491607602
499.833333333333	110.557744607813	99.2983005316237	121.474337046771	32.9702160423671	9.4825676212086	60.1653806992209
501.833333333333	108.776575380969	97.3128814305524	119.895192157536	36.8224429769612	12.1678946008439	64.4700818212055
503.833333333333	107.517854204701	96.1001302543831	118.240253311755	21.2470345938496	4.25256545653206	44.6266540250117
505.833333333333	116.598823937211	105.124411412635	127.614836881462	26.4245260805608	6.27439627220527	52.0624698189301
507.833333333333	123.516089762901	111.714936451741	133.786834011369	20.2543407677571	4.01112453908977	43.2131646692652
509.833333333333	98.5842900644837	87.4127233378132	109.246172982036	23.6704705273352	5.11219945854829	48.294845327639
511.833333333333	98.6367399098445	87.7611282188109	109.971640753987	36.6139542803768	11.8429854117057	64.4409145071809
513.833333333333	87.9173129782157	77.4509753074283	99.6749943920538	51.947870278141	23.9938596938309	81.1802959099903
515.833333333333	87.8776772190804	77.2076481527037	99.8343595376708	52.0033202423034	24.3091123661222	80.7168811209742
517.833333333333	97.9017793167509	86.9893847441157	108.758868428465	27.1741568693461	6.76891884687003	52.4583308549848
519.833333333333	88.7404262769382	77.8954835248653	99.1405809824621	19.2813328780382	3.65594026752277	41.6808437553901
521.833333333333	104.766368364722	93.71392866792	115.573125216424	30.792463294709	8.27548659199073	57.1429039396886
523.833333333333	135.727307607106	122.446544149961	145.994319706235	12.9806421343502	1.9425262706146	31.1529283328239
525.833333333333	97.3843665297959	86.4307493601959	109.575607682747	66.9657202771632	37.4204603971974	96.2810270488416
527.833333333333	93.8498827967554	83.0886632411256	105.526950297749	35.0203570368664	10.8566263638185	62.2252838223737
529.833333333333	97.0780721466987	86.0368942200799	108.791986122238	49.8645233230969	21.6424485173477	78.4344382579943
531.833333333333	129.879694050276	117.969669179106	140.44358168274	26.2439361444406	6.14328429020354	51.6384426354539
533.833333333333	127.675760574831	115.408591094092	137.719430169647	17.5892717197795	3.13147729954066	38.7915843848776
535.833333333333	105.626295102949	94.3844489054304	115.913127326472	20.8051777386497	4.08034772377052	43.9186113507038
537.833333333333	121.377433467092	109.529840611874	131.618795031537	18.9293948200835	3.63919483060844	40.8057631779544
539.833333333333	139.001195891707	127.0403685163	149.300499797609	21.4797434956747	4.46584689303101	44.673799475924
541.833333333333	123.681570712137	111.761872070571	134.160046985627	21.6881078685005	4.37236453139921	44.9045762869988
543.833333333333	118.009545372525	106.143608528563	128.941238568461	33.6293485214971	9.58952107836813	60.933213803827
545.833333333333	122.133082454041	110.106905956812	132.553669014703	18.6227764343246	3.39200993177901	40.9128707745278
547.833333333333	101.824481801867	90.4649251686865	113.521261981804	57.3729045990921	28.5924542150441	86.402163830846
549.833333333333	91.4842627123966	80.6128001156965	103.318144668863	49.4695695257818	21.1463178089625	78.4925059005145
551.833333333333	95.6542430348514	84.8894655641636	106.318177082272	23.293363478887	5.14258074973524	47.4483552739129
553.833333333333	100.771682636678	89.5545131543774	111.885509865712	28.8216223358155	7.14968412872501	54.8182902304768
587.833333333333	65.7179259803521	55.852822609278	78.3664602896362	51.1703594357282	23.3515159480449	79.7692159672515
589.833333333333	70.734105750917	60.8107062090807	83.1334534352971	42.3859586073944	15.8689902701334	70.6167871575234
591.833333333333	85.7572894600832	75.0972696319992	97.3289504973472	36.616879906138	11.6342080452216	63.9469347196839
593.833333333333	107.745083476601	96.3586345762661	118.239668580027	22.4972064457909	4.78339179659656	46.4683162043937
595.833333333333	147.48967283178	135.028287250251	157.765843460697	20.8097480370146	4.06811807870707	43.8216933808495
597.833333333333	93.1256269101641	82.185454799882	103.607383100183	18.098464836109	3.31529983073063	39.9230112023329
599.833333333333	112.838764805542	100.891212555643	122.871694882055	15.3373905722966	2.6131559329959	35.1820715524162
601.833333333333	122.828198775156	110.88465490758	133.411375176474	22.6065588869522	4.67822169469247	46.6096179194472
603.833333333333	83.6385391715892	73.1274596146676	95.0881111736471	33.1205225312789	9.6891195021886	59.918767486749
605.833333333333	102.265648350166	91.231098483818	113.459333649117	37.94456716418	12.6506019260661	66.0607253628361
607.833333333333	127.157765879975	114.933013009262	137.377267181181	19.951017556052	3.90851260695904	42.68570915081
609.833333333333	79.3470767138825	69.046654437727	90.9540107237737	33.7529986118963	9.73801609968984	61.0328693242986
611.833333333333	137.269293325905	125.104816203845	148.184021301475	38.8665515675435	13.0846553938141	66.7355317219504
613.833333333333	99.3339925041886	88.4393479147954	110.601157433467	33.3506295817404	9.64871283516811	59.6839165936367
615.833333333333	109.494596505698	98.2774103694261	119.981797068161	21.8156252158724	4.38878400544623	45.2937799061205
617.833333333333	89.2733091449262	78.4657633498878	99.7119366199287	17.741790300055	2.99371768124028	39.109408511005
619.833333333333	97.9843059531273	86.8883882383612	109.166139490206	27.3686134795877	6.55497719997087	52.6869544103063
621.833333333333	105.287491986904	94.3779831666279	116.027360483833	25.2323643930041	5.89679460587874	49.6762146837709
623.833333333333	90.4424060201311	79.5995314864681	101.976450504588	39.1771318224929	13.4610495915993	66.8308125757032
625.833333333333	108.041109196777	96.4541551991472	117.941164373	15.2957166416575	2.53075141164882	34.7358334178167
627.833333333333	85.5440707763432	74.8993702714205	95.8274986656604	17.588789422867	3.10090362162669	38.9691217625689
629.833333333333	89.4467682340261	78.8779273368594	101.018896193785	40.1890223581958	14.4671909107726	67.8678510786752
631.833333333333	108.754480897619	97.3296172520305	119.761185808192	35.8826197188009	11.3163206296983	63.2643461221763
633.833333333333	94.6515337520274	83.7230734955583	105.276886080748	22.2208815190396	4.54343436173381	46.079606524443
635.833333333333	84.6045463574054	74.0891386194537	94.8411510027171	16.7553687096077	2.90953447503259	37.7690178215932
637.833333333333	93.774088743466	83.0688212443009	105.274941120337	35.1540490999643	11.1766073635188	62.4035097150263
639.833333333333	96.46210666467	85.0908586811615	106.895287787591	16.8131141476265	2.80846167742515	37.9146456541861
641.833333333333	93.8363474939964	83.057885010421	105.429828258551	34.4004372765509	10.3069655175923	61.2683697483698
643.833333333333	94.8970609686148	83.9890195672231	106.287026066517	40.595105410704	14.7054753818831	68.3396395940026
645.833333333333	100.41589723907	89.3226421918732	111.078228018806	24.1186534199722	5.23387707428863	48.3146115698983
647.833333333333	120.384784415998	108.034990072285	130.624470130622	15.012541001182	2.50403094242579	34.4204711798969
649.833333333333	150.025179440198	134.339092346205	161.143136479981	8.41936457632188	1.19348166199546	21.8034796590823
651.833333333333	129.932100861193	116.722656551898	140.234143612072	12.8769501134878	1.95309926792509	30.5863505586309
653.833333333333	102.37995699158	90.9676379405613	112.645438924909	18.8884995934824	3.5257368051075	40.8802100241188
655.833333333333	97.6500635965322	86.1879087518192	108.298617159848	18.2813144666249	3.27931061914992	39.7652448042428
657.833333333333	89.4479264539652	78.4651554922373	100.136466908182	18.0141427799641	3.24731178939062	39.6608547524399
659.833333333333	107.377223123882	96.453186517419	117.964969420622	26.8064922351885	6.27565645419097	52.200311257601
661.833333333333	88.636694243613	78.1241653991657	100.254765649109	43.2655493423976	16.8258751337848	70.9000867191101
663.833333333333	111.861862269331	100.252886601087	122.751087697306	26.1451407581369	6.14258278246102	51.8599317180644
665.833333333333	98.5148495215202	87.571032647932	110.015400190355	34.5617014060286	10.6336156002206	61.9245052657798
667.833333333333	98.9603216175763	88.0128197341722	109.775528360726	27.8537613655177	6.90949601540626	52.780001109685
669.833333333333	97.5716012003207	86.5877083079352	108.00657312448	17.0683568045027	3.05502158821696	37.8794334874952
671.833333333333	127.025342995324	115.288429784499	137.642962367813	26.6723641737634	6.49166770365939	51.9132695363939
673.833333333333	115.073083969956	103.289882557827	125.379475967543	16.5532494901794	2.81575148890259	37.3809664901945
675.833333333333	102.283596056178	90.7187513849074	112.196695470254	14.9364597750905	2.51252906458693	34.5097313308193
677.833333333333	101.435684397155	90.4300913435967	112.915391607142	41.0990817716425	14.8214188133133	68.9153793483624
679.833333333333	91.4129093975508	80.7573921593076	102.835529428564	43.4070677806581	16.3144329067027	71.8233425568818
681.833333333333	84.1846747609655	73.682211862301	95.9187496917347	50.6684782320545	22.3360013136794	79.6841349624183
683.833333333333	93.9348189466474	83.4032417488269	105.260631908367	36.6460383499406	11.5895848455607	64.0801745191006
685.833333333333	98.0567291824587	87.0831141196293	109.034642348216	28.4706914281758	7.11941833028121	54.0142236931783
687.833333333333	95.8215168146117	85.1749611013941	107.308108093589	39.1225951998549	13.4647467776391	67.0053560033172
689.833333333333	90.7901081337464	80.068620472104	102.074829026088	30.5650507233438	8.47961488955784	56.4709757288141
691.833333333333	95.6607491336734	84.7800673947905	106.969087401684	34.3543655898809	10.5119184867276	61.1543218394033
693.833333333333	82.6735582397441	72.46822108074	93.4596827139264	21.0853637744075	4.2625177878849	44.2511905394445
695.833333333333	104.371017384499	92.9839645085133	115.31419081547	26.4734017573551	5.9503809949	52.1838743861356
697.833333333333	107.889927926597	96.7438295247272	119.141860636304	39.7097982564275	13.9761180578383	67.7197042718902
699.833333333333	98.4759788468582	87.4808208470003	109.666677769204	36.9266018011582	11.9980782489568	63.9728346691883
701.833333333333	90.574446888208	80.0767975042342	102.228313027314	48.4274351595877	20.8360479268646	77.5503097609626
703.833333333333	88.7895913502948	78.1991561951315	99.8106170640534	28.5756907450441	7.25916197156027	54.1669844882412
705.833333333333	69.2742846511012	59.4429863481625	81.2387579913684	28.3552618347788	7.16776621021373	54.3068309141478
707.833333333333	143.275887511261	130.963750770445	153.708080095649	25.2946917374549	5.74273370184032	50.2802171490867
709.833333333333	92.2914464724046	81.5648294338772	103.985448795955	42.6689470239069	16.3481706177415	70.4431037512602
711.833333333333	80.9621698768616	70.5735834176766	93.0352577696083	81.7921317415016	51.8447865949516	111.098197442862
713.833333333333	117.626519176848	105.791844342438	129.303974970854	48.5462909156416	20.8617231470536	77.0557329005061
715.833333333333	118.35629151662	106.351704157437	128.302780951116	14.9816601811173	2.42397708998946	34.7341790531652
717.833333333333	111.960989907779	100.392589857208	122.40964856739	19.5903275555821	3.79789827959751	42.1644972803606
719.833333333333	78.2128756263239	67.7543598642998	90.1893734329037	79.4922334833137	50.0694694683508	108.533739564997
721.833333333333	72.7367989640343	62.6563381425734	85.3442312616651	43.1165493053552	16.3975730031202	70.932890609587
723.833333333333	104.66074150407	93.6004970480108	115.487556216588	29.4773092181832	7.58329188007163	55.9835292823226
725.833333333333	70.4041905368777	60.2477566469426	83.098920519962	86.1447684127369	56.454363051668	115.941472095835
727.833333333333	88.7258313678889	78.0019260486014	100.91944708103	46.7889767523854	19.8448209856404	75.3863635840058
729.833333333333	99.7770699828893	88.7366455777818	111.363594405016	49.2542826543973	21.8147777396637	77.7621219130417
731.833333333333	96.263783334593	85.5804924565753	107.801621725761	58.668498931932	29.5789855612161	88.3140100291408
733.833333333333	84.4145885805168	73.874356786105	96.7523798245464	59.6905251816425	30.4109525111573	89.5162493106529
735.833333333333	121.408918217334	109.934097564299	132.515331974211	50.5861567753816	23.0119170546229	79.6345711154245
737.833333333333	120.543858719855	108.710413404569	131.458640360523	27.5336649531055	6.70524795822835	52.9676882392379
739.833333333333	115.536088717143	103.998977952499	126.821396188272	40.1206488951479	14.4557606903959	67.5428928050479
741.833333333333	98.3745248757919	87.3654481558977	109.401861463399	30.2005402367391	8.13980670789783	56.0592304214442
743.833333333333	143.015473861307	130.93403357375	153.897597648268	34.1934836326297	9.98068819006081	61.3461090614414
745.833333333333	132.497865149789	119.412654898988	142.655193365217	12.1314527987287	1.86195884702395	29.3246588238932
747.833333333333	100.040537690219	89.1655472761533	111.446948029674	67.4712937187512	38.0993445016673	96.8514585214276
749.833333333333	80.9508497342409	70.4434386335147	93.5363604111608	92.3680887167481	62.2192883800809	121.850711796283
751.833333333333	116.095046690207	104.727617088391	126.941049922713	31.9704138099896	9.21949394344487	58.1888920592227
753.833333333333	75.6161402448463	65.3029657630962	88.0424731456993	83.9508648360419	54.2493608557956	113.761055615211
755.833333333333	81.4931212120443	70.8793635708506	93.3508579013494	47.7121516732189	20.010961810035	76.2340261943568
757.833333333333	112.616763476342	101.193144330439	123.170672491632	24.3948291445825	5.52476902112222	49.2496951432512
759.833333333333	107.221278719117	95.9193964074935	118.55826869962	46.2725524999668	18.8440343534409	75.0564039870854
761.833333333333	115.220822022252	103.816294188359	126.433310779985	33.1745563873293	9.37083490935627	59.9514285860826
763.833333333333	105.67862488451	94.4514372253067	117.404911932568	78.4293105220206	48.0999576210266	108.174288559077
765.833333333333	110.1811669277	99.0163509765648	121.493495630472	52.4784551383914	24.0949968556153	81.5459457189726
767.833333333333	106.57498392185	95.3257965815488	118.200796189821	67.9063821834465	38.5087838044372	97.1586939448015
769.833333333333	101.769939035998	90.829650288165	113.247755717508	59.2455785287948	30.1758603065142	88.0662180253011
771.833333333333	103.013282421088	92.0470730122668	115.044949207212	79.0554874608474	49.1199094285844	109.107924339213
773.833333333333	115.195096821308	103.870642006539	126.709955225963	75.8744759500292	46.571146924353	105.092242434711
775.833333333333	79.8659969748787	69.4969961579943	91.9843318230643	54.5062974593835	26.2657295404138	83.08984389538
777.833333333333	117.256447458667	105.493986885706	127.59741386348	17.9145157103858	3.21708696292824	39.6358419207278
779.833333333333	143.432289807729	130.95398059862	154.866224858191	48.7343750076315	20.7071641418223	77.6943334221557
781.833333333333	130.351113623683	118.490792383846	141.08514493631	31.0196951558204	8.46604555631173	57.4023205349172
783.833333333333	106.330093506139	95.2100145436349	117.868522499298	51.3241903326047	22.6840903878192	80.3634221601622
785.833333333333	125.648401652614	113.618145137612	136.001517713603	22.3348472257016	4.62271551488469	46.1570518554516
787.833333333333	114.815452285027	103.304043970265	126.201486994253	50.3337638431518	22.3924741849101	79.0513170151159
789.833333333333	178.575850577493	166.156933807842	189.614161908691	60.1717306775304	30.9129859726764	89.6294556405425
791.833333333333	156.44482231255	144.008942871086	167.591294043954	96.0433248968508	66.0457050073735	126.286056096344
793.833333333333	174.161494799264	161.155504979001	185.057193402054	38.9091312101637	12.9715310471259	66.9363188418656
795.833333333333	174.844678062955	162.513746269383	186.05124013705	88.550713785966	57.7565263162075	118.640091091181
797.833333333333	211.985942340194	198.915740526347	222.869066419839	75.2460704291054	44.6238764987475	105.680240553961
799.833333333333	95.1187035838172	83.8966831458011	105.247772601709	15.388308727834	2.65117004174897	35.1253389499394
801.833333333333	100.254533473539	89.3739069684176	111.069347001456	22.9751909321928	4.86075917665361	47.8172910180975
803.833333333333	82.4684947587307	72.0505137310763	93.6430258323729	27.6334061120831	6.82650767225372	53.669068825431
805.833333333333	81.9452646893739	71.5810890998849	93.4146628290634	34.2650143640954	10.5554548384548	61.6011287258388
807.833333333333	80.9893922507069	70.533984667249	92.7979189296952	32.7644068122333	9.56504635524503	59.4226523011316
809.833333333333	112.988540120011	101.328469992665	123.82889806033	29.1838322444706	7.57965734745114	54.8538066955397
811.833333333333	87.8509124886517	77.2715316281233	98.5730262119738	19.7602482224477	3.7885601551239	42.4735539629008
813.833333333333	109.825670452266	98.3117039797184	120.773448725319	24.866797396303	5.80541336798231	49.510051165065
815.833333333333	106.850018791306	95.0010547015247	116.827720005145	14.2771863947478	2.29657114863477	33.7340335333336
817.833333333333	111.223865089516	100.093769052726	122.058379045467	27.8542629169593	6.89595377289649	53.4890567303242
819.833333333333	90.1755437300032	79.4045805090693	100.920258122207	22.8726567297488	4.94190601613981	47.2834481792105
821.833333333333	98.5784491295812	86.7920669632742	108.758983532699	14.7045851359835	2.38728828153168	34.3679175943892
823.833333333333	83.4236309351749	72.9202650530203	95.3614255214386	58.6584372913284	29.6326111428484	87.6817504057186
825.833333333333	90.8296921108916	79.8746324216183	100.793081774284	13.5425165692623	2.1791742889967	31.827531815013
827.833333333333	88.4492152241557	77.8854564857359	99.3889051448495	23.4300090837502	4.92983074049439	47.8456134524564
829.833333333333	97.8970769007246	86.6898279349328	108.554203389155	19.4952690126777	3.65932478653278	42.197300923032
831.833333333333	89.741892624305	79.0702537586207	101.46390115768	59.31099196319	30.500349496265	87.9759215512153
833.833333333333	73.7671674345897	63.5603554902003	86.4300545564511	67.6264220757826	37.4790693957837	97.033080441117
835.833333333333	84.6802801682654	73.0463158195607	94.4095330303092	10.4142984568697	1.52691350563279	26.2241432658339
837.833333333333	90.1083770664253	79.4155131853572	100.757615115371	22.4100500684015	4.64479670164085	46.0140615653198
839.833333333333	74.4672583420832	64.2759469200909	86.8188438006079	52.3631407763424	24.2191177280112	81.3036886461245
841.833333333333	65.9268030732747	55.9203091774714	78.3831642479123	61.0581222370896	32.272350233378	90.0379998437327
843.833333333333	75.3853237413561	65.1771867105445	87.5562082355584	52.4187645176	23.5863632861374	81.0678359621339
845.833333333333	117.786198395536	106.066469731072	128.15704764232	21.1352075763715	4.09408744951499	44.9566567540971
847.833333333333	108.410992140246	96.0519875824226	118.550944454991	11.4792453575098	1.69072550343542	27.9402503040085
849.833333333333	92.9819130963971	82.2912508187106	104.144317984519	38.0688366193816	13.1155696685315	65.5065497184017
851.833333333333	93.4232016450591	82.680567977631	104.912028982556	47.7681547858176	20.6193082833334	76.0729011109496
853.833333333333	76.7664757752273	66.6169776623759	88.610848532863	40.6717295070115	14.3441030106066	69.0871684173046
855.833333333333	108.244749241159	96.7943397744119	118.652286546326	19.5259989498351	3.5756192641975	42.116348659197
857.833333333333	83.0253849789444	72.7203761165616	94.7926602083211	40.5932579629029	14.8365017516385	68.6689489376659
859.833333333333	110.885291598915	99.3102884030757	121.129709347128	19.1931409354787	3.57315205858986	41.6567855210863
861.833333333333	85.92300107635	75.5127002471631	97.5191099885534	43.8761283672012	16.8651607269807	72.1295715646091
863.833333333333	88.8254343876188	78.3480131943585	100.424246996717	51.0457494885453	23.509073381406	80.0199056541411
865.833333333333	81.0081167757391	70.847066676095	92.3218711605477	31.9524874956889	9.08381495767746	58.5573454824621
867.833333333333	128.096841320968	110.112282493109	140.75191771347	5.92889616084417	0.765673360813862	15.8815163262257
869.833333333333	112.546273827193	101.256573665859	123.51676317335	36.1921028275288	11.8659724338525	63.565738034186
871.833333333333	85.1405157279966	74.57917709148	96.3689003245933	26.3816652469234	6.338112634047	50.9380892207939
873.833333333333	92.8255611114743	82.2542901334801	103.766216726453	33.0047949743069	10.0138140998803	59.2162887302659
875.833333333333	102.031539978802	90.8369242804489	112.947777951255	33.5741023701041	9.89481481657324	60.4502051750349
877.833333333333	95.5613841761399	84.7508929716291	106.168809916879	22.2124824646233	4.6284292150124	45.7036245520223
879.833333333333	98.2965314358169	87.1386824895772	109.663936418597	32.530329210306	9.62645425372172	59.3671778172893
881.833333333333	86.4070333676067	75.8108639253167	97.604995828693	33.2162037322601	9.76925947226766	59.9688102057484
883.833333333333	114.645835351131	102.985192555319	125.400071254175	25.626947584568	5.97086427514323	50.4669404709403
885.833333333333	125.434716704446	113.37136859679	135.725264445956	21.3621284643776	4.2426556963312	44.8023793460269
887.833333333333	109.407995129373	96.8181880394986	119.331797539587	11.4638770055904	1.69772793971312	28.3206254933093
889.833333333333	88.6261814692107	77.8917403914672	100.367055453913	42.7296980902196	16.1981491109684	70.7453664849256
891.833333333333	90.6277545479889	80.0115352038337	102.471339825713	53.9306873487944	26.5394634932767	82.2449488898844
893.833333333333	121.841294798779	110.040729035754	132.723977929961	32.9015127659887	9.41421178009362	59.9520726692115
895.833333333333	101.95472874666	90.7855544763028	111.992654741069	16.6162729408785	2.87355420505366	37.4469262737664
897.833333333333	74.7731740143915	64.7154171074952	86.5207403938364	32.8664978454984	9.75779425216763	60.0197457109372
