"time"	"s.est"	"s.lower"	"s.upper"	"v.est"	"v.lower"	"v.upper"
0	9.08298678088371	0.93223902776317	22.9924879594256	29990.9279378104	29964.8449171718	30016.8004738075
0.5	9.00811408195475	0.931349526238319	22.6560579656811	16990.9075467259	16965.0295680812	17015.9595282895
1	9.0412754200092	0.968292230326271	22.7027329038219	5990.97261958483	5965.26263530197	6016.3775300892
1.5	9.17973982095578	1.0168893080845	23.5191629448476	2790.88663606182	2764.5895313729	2816.26234514639
2	13.0057508367623	1.81695259228842	29.0882982497174	2287.01681245351	2259.02235528489	2314.15397776905
2.5	12.3800141489706	1.68766862763328	28.2090476526526	2487.64773739095	2460.48940855449	2513.77849951411
3	18.9081047786922	4.36848113301472	36.6362026658612	1180.9907548624	1152.63381454989	1208.43722365941
3.5	24.7711676637472	7.65505413938489	42.9928658478148	1975.1031580589	1945.83915099887	2003.75929937946
4	34.5513842937339	15.9045702275337	53.0630651919844	1665.44114508976	1635.81593029513	1694.33646935322
4.5	28.1739477639107	10.2660468054157	46.538226571903	371.521993160945	342.354221479484	400.637741861673
5	43.5006248326138	24.3114516342503	62.1674045242437	786.329350115621	756.692337366173	815.646266048777
5.5	54.1816978119202	34.9232339009462	73.1888560959215	585.635338869568	556.22922090015	615.470287774326
6	53.0118998462269	33.7577907111539	71.7437440852485	396.658340132861	366.757610235311	426.555004515124
6.5	54.0294988538456	34.7307829741407	72.753031759351	575.685105409802	546.030064633726	604.721624388647
7	43.3943927330942	24.1230425361191	62.241066369668	256.181387779025	225.987959671477	285.75046626263
7.5	68.0919609354695	48.3838857582483	86.6204051161962	251.440958154769	221.946262048692	281.308912317714
8	60.1475453963182	40.15053092515	79.0792056203015	279.329343113428	249.577386844359	309.163794303971
8.5	95.9295464891867	76.3366278628903	114.900725003934	203.588320322915	173.044067688571	233.585127539375
9	72.8912861916987	52.4881086893606	93.3015299675544	30.4144099659985	0.0929824370224688	63.133340757916
10	61.9345722538253	47.9200712720312	76.0052017206876	16.2457184590469	3.61284727598953	34.5973120267464
11	75.6681956046598	60.552313238615	91.0322157480191	26.1427903980264	7.6764253076056	48.8732923384548
12	78.6269801540509	63.2079446197735	93.8092358313486	21.5508275940949	5.49224773439641	43.2198715309443
12.5	105.352173637391	89.1038601048864	120.454615659547	20.4984264598305	4.87189095037503	41.3349917102435
13	85.9875446933831	69.3127646071288	101.60782638602	10.2724199196447	1.98816959820364	24.1446803003751
13.5	85.402867816767	69.1936486740096	100.672660032046	11.5066644530814	2.29614611271079	26.1703136281785
14	66.4140309184637	51.6804617571473	81.1835935999559	20.3616314028659	5.10408648748757	41.1344108337081
14.5	57.6448196749814	43.8460118164998	71.7194041922932	18.6346910992735	4.50929069427182	38.5460284485689
15	82.29148341813	67.0998538618584	97.272615523634	20.5185588415258	5.28455458418519	41.0553878473936
15.5	72.8305733764948	57.9812785924588	88.1985691064527	24.7691265371768	6.86239230858197	46.7142406446853
16	77.5397737781267	62.6732097455096	92.2138573412234	17.8834685638283	4.20202704229689	37.5588138086793
16.5	72.5532434718525	57.8549813908681	87.0485709441097	16.5942116911789	3.77540884637828	35.2246709776554
17	70.4276932249139	55.7893262180185	85.2876565964891	20.8110113078265	5.23765207246157	41.7728064602102
17.5	87.3243142545657	70.6348970702659	102.681368476203	11.028485817659	2.19809532128124	25.6300055300033
18	47.2035490006422	34.4022119395726	60.484966315803	15.2480869041798	3.38366987570583	32.9685708570042
19	66.0875384322626	51.7256625476097	80.3399075374091	19.43158112355	4.79441564018592	39.3533259182805
20	65.9603965384492	51.7103483271605	80.5302710364718	19.5680450943453	4.8248405885037	39.8368943242491
21	87.7311765604903	71.7330050543589	103.735273258217	29.7368318532347	9.70099864768545	53.2736424564521
22	69.2870917189333	54.3929433953128	84.4679319231345	21.437939492915	5.47789216773985	42.2357894319706
23	76.0089471362459	61.2497998009314	90.0348644072529	16.5473044301038	3.6686709961704	35.1456269522068
25	77.9367999665418	62.6552670842001	93.0600476412195	23.4897959704826	6.35230795431437	45.6778023522929
26	70.9174344069868	55.9132715409647	86.2938632219851	26.654973160112	8.03847114833424	49.549368640141
27	83.2585037446234	67.7182623326067	97.9445470712238	12.0515695880881	2.51756692538301	27.3538555482453
28	78.9197893288468	64.0305067837044	93.2928083204993	16.3182398674717	3.76515074922576	34.2701552356544
29	75.1285848500267	60.0663768279648	90.2996507613052	24.6040204861726	6.91939094531129	46.8638042275554
31	66.3267639339558	52.1645332892294	80.4540825192117	17.4304450489356	4.02563396751281	36.7174701973231
33	62.260871169198	47.6961425504629	77.9749596673484	27.9041198208585	8.62561408123009	50.9949706687869
35	54.7008685723416	41.0761754995244	69.0032476238719	19.6560987254545	4.80069068247399	39.8524768543004
37	67.8849124238971	53.4400089443616	81.6722196990857	12.3631456603094	2.50851451406289	27.7901687719031
39	64.1764129335722	49.7017521329867	78.4054148957933	10.3579770632457	2.07410684667069	23.9392142728724
41	88.6085404258227	72.4964865387989	103.715805503685	11.689262563303	2.37490015856212	26.5896983381093
43	80.9848559944044	64.4687160534346	96.4560878389295	9.8309315380227	1.90357217655723	22.9262472837685
45	72.2170700882433	57.5149334619183	87.1539921050949	20.9284792189591	5.34739841774645	41.6588226111504
47	76.0414045759584	60.9459817760929	90.7934173769533	19.5541652699487	4.82012512480726	39.7286160907552
49	90.870014580498	74.7361830479648	105.673693667778	12.7386376164988	2.68045466704489	28.7061797161757
51	66.6187990945376	52.3086093565479	81.0446464092677	19.1132703962033	4.68077755547812	38.6407989748894
53	74.7441956023514	60.3543289263949	88.8458212790156	15.0906115388665	3.26665549979968	32.5005754551929
55	76.1858091123479	61.1146836793374	91.5166877950229	25.9469213143132	7.60365719996607	48.7083803050579
57	75.6593028023883	60.5343992767519	90.1014391677906	11.3454448072546	2.2994124980196	26.1239998805881
59	79.555063687029	64.7819167465714	93.795135850069	15.359244834532	3.38635828965803	32.9090045766198
61	65.7382747394727	51.0469329417385	81.204416888746	24.219265124715	6.60133687471645	46.3935665175148
63	76.4576273536682	61.7079081901565	91.324744320268	20.498540868479	4.93343995659362	41.0325870379271
65	72.9106018966108	57.7132534213068	88.6693945574574	27.4022232778971	8.11882675174199	50.2096066258863
67	83.0491445310596	67.6596031148861	97.7499682900409	20.1125884002925	5.12749640309363	40.915993700292
69	67.9414125266158	53.250929572466	83.0603670837901	23.9902432493972	6.71578530325919	46.0724436674934
71	73.7184337950015	59.1337963511494	88.0141249102761	13.4667776925125	2.8066708820969	29.7405776688778
73	86.7790386949617	70.9905183270599	101.576339625801	13.3575651948146	2.77787403563464	29.9218712375809
75	69.2193142002268	54.6327193358112	84.0588427378906	18.3906297002389	4.35949186049713	38.0384633207253
77	74.5923685999551	59.6442419097366	88.5478287576161	14.0854167931659	2.99011789346342	30.602996576194
79	66.231875192331	51.6659406855603	81.9069722695527	26.3576986710374	7.99730063839267	49.2511947608812
81	75.1720274482489	59.9924377625647	90.3375637646472	24.5674432681745	6.94088382305177	47.2826663459264
83	80.6093523116887	65.2260353662035	95.5148412219872	20.2264002808714	5.00854348151918	40.5539394577927
85	68.5399513121225	54.0822996137436	83.0060446423017	17.2675539520376	3.94090787779382	36.4561534013687
87	96.8321953960895	80.732487291996	112.416593776558	11.8379583867013	2.47435022551231	26.9363130753805
89	73.9325972474745	57.1263678943791	89.908414936999	8.83071339444079	1.74119032875773	20.8663834320664
91	90.3881601080578	74.5601788976879	107.001569953843	32.9357197839775	11.0130121337694	57.4621577854625
93	68.1760047043972	53.7017035715172	82.1652952331066	14.5840031388089	3.14205996621335	31.8116540389749
95	73.9484949229778	59.4234223185514	88.1280664277989	15.1092639934315	3.36778545306202	32.4955021984357
97	68.2353330237169	53.8864535589275	82.4578760489006	19.4350484262552	4.81570143397127	39.7439114095382
99	81.3990962059941	65.731346392702	96.3992099958525	11.5616751024092	2.33065388074612	26.3378683424686
101	73.13949202295	57.9439079901157	89.2192939879219	27.839201342003	8.51739777825177	51.2189949773633
103	75.2558020878754	60.4411979348911	89.9150745730983	17.9268495062573	4.12625480538185	37.7682700147153
105	89.0001557341475	72.3250914400096	104.713924239325	10.6488087172073	2.10324048268144	24.496576985152
107	69.4753970486386	54.9169470368166	84.5215909146441	23.6832164200031	6.7149356874891	45.1207187426127
109	71.9906301819084	57.0192883904989	86.4037273709891	13.9937458684558	2.93528885793504	30.6920545672899
111	66.3414151047662	52.1120952615961	80.3470158160557	14.5217985568538	3.11040117080717	31.5641364535861
113	79.920310653771	64.5900643508561	94.246517328845	14.7343581466962	3.17433951509684	31.8978451879379
115	77.014524447432	61.9956749801818	91.4313377406489	13.6475426654523	2.96135342282718	30.0907123889165
117	57.9932045025129	44.3907043473671	72.0395366457691	17.9984650399951	4.25449575723189	37.3269366329301
119	79.7472065670068	64.6870101100816	94.2320064816999	17.2498547562155	3.91873747753667	36.2212414818643
121	70.3952287545565	55.9115957016863	84.8214113903672	17.8598575772691	4.22433511458732	37.3825703716233
123	68.8232792019116	54.2908012778229	83.2459721812555	19.0597591112503	4.54929370922266	38.6928473733179
125	62.7695909707333	47.6939516117937	79.2874393158647	34.0083457728583	12.1152151189644	58.2983997228071
127	59.1349841566469	45.12768551977	73.7552849457078	20.4508278706613	5.22324236161972	40.6711809662592
129	62.8623500408729	48.9344658106896	76.8069281804685	15.3823206156834	3.42647444299799	33.2990131169266
131	77.4172221939529	61.7367746983026	94.1032976599231	34.3065448682067	12.2679153404242	59.6343626824234
133	75.1095192853831	59.6853349535965	90.9942060322281	27.2960048767019	8.1797049502111	50.4472050214368
135	67.7075163020526	53.083894958321	82.1796855559679	19.6736465756505	4.92775774540395	40.1402954376922
137	65.453340333637	50.8965358551905	80.2814357001093	23.208822077806	6.09853250189509	45.1034962780177
139	59.6675606296799	45.7139219272501	74.0530468019683	19.6275177822853	4.97160048306111	39.76189745216
141	54.0068529521451	40.7373245089607	68.1913185524255	17.9525097030276	4.25909234314254	37.4866064684672
143	77.4608009738867	61.9666371240428	92.1929815843038	20.8740219350835	5.28770137071381	41.6519965926743
145	84.0310410474298	68.5824586648936	99.0371724708692	22.268444202721	5.86842398971906	44.0240098603292
147	65.5256655280958	50.7229589767103	81.4342541591247	29.7122574235638	9.61864150741841	53.3321073104967
149	71.9389769058737	57.2357120890623	86.5619665431219	20.0325881956068	5.00611074918745	40.4863954053433
151	83.4445648870893	68.1142878215617	98.0190589629251	14.1944861957598	3.01730732018057	31.126115871152
153	69.8617533194957	55.024658157186	85.3126948205454	25.5148558208984	7.3078462591655	47.7791565535906
155	98.8616393633088	82.8747390792115	114.089109048486	21.2263666390855	5.36963696427577	41.9229504865652
157	83.1937512646526	68.075737826264	98.1780243342013	20.5045808457014	5.23608257689476	41.0817017604292
159	86.9714769530699	71.4134583769777	101.707638529847	20.1257347591018	4.93773328050659	40.8501280283172
161	64.4860658040224	50.4698618251017	78.3887274151226	14.1962157893461	2.96629575943894	31.2012711964127
163	72.697466221348	57.2308840415567	88.9976448513527	30.3173834754565	9.86740642846212	54.0646517609654
165	83.5895676937177	67.9793627703558	98.2376149041499	12.813424265492	2.63160756449224	28.9838522169746
167	76.827979496082	61.9253387210229	91.2973681973545	16.8010620706343	3.66663015380389	35.6698802538565
169	71.7294724012217	56.239087591411	88.3560571010911	33.3140560972864	11.6466977619846	57.4584573981404
171	77.8394244126856	62.5645503761103	93.183769651019	25.5418103815671	7.33160731532108	47.9543868205932
173	83.5656319039411	67.8185057933175	99.6605248285858	29.0091962273675	8.92693313827138	52.6121631746253
175	79.3569646609981	64.272081097906	93.9523716590774	16.9858117837629	3.87648444361163	36.0093720463466
177	63.334559300774	49.2725154453277	77.1024893521626	14.528893782193	3.07935673775	32.2225878696104
179	73.0917004639536	58.2558484552381	87.1592982596535	17.0850203665733	3.96693376592002	36.142712757446
181	69.5896839729918	55.3248422210505	83.9818983261442	17.8203606103108	4.18598537360772	37.3788708746177
183	66.9091359320229	51.5130966940511	83.8057112261118	38.9206722809571	15.3616762971858	64.7986449619192
186.833333333333	68.2245498045437	53.8410008777716	82.4112416457952	16.6171810183946	3.66161154393371	35.2577973395483
188.833333333333	67.3974242963496	52.914380611227	81.7319920305382	17.7844955430652	4.0265031523433	37.0105200859939
190.833333333333	68.3976072818351	53.1148515437046	84.2096957763235	29.887317930248	9.63927376902253	53.8478561016036
192.833333333333	69.4356512665261	55.1812894062434	83.6291767709678	15.1619044043837	3.3713865176851	32.7887665801684
194.833333333333	77.7364556896229	62.2955741524383	92.281262524406	12.1175072902265	2.49213677525255	27.453824480723
196.833333333333	74.643044350881	59.5543922063476	88.8949022188875	16.8529748069427	3.81856250572697	35.7360564625947
198.833333333333	60.8301162930486	47.0026037049689	74.8676416207733	16.7947547043936	3.875575961969	35.7699551905357
200.833333333333	90.6188989273658	74.3222452346947	106.277633096702	11.4249223649027	2.34266238460926	25.7994785155466
202.833333333333	90.3270532377297	74.658447274751	105.229903517192	21.5639463374586	5.64839590198579	42.9831058444752
204.833333333333	80.9074805250447	65.6990962039445	95.603686926618	19.111266482301	4.66119107657095	39.3185144520335
206.833333333333	94.8427734747985	76.0435541082493	113.372770056447	8.13417558206844	1.5531500897667	19.628329824546
208.833333333333	71.1938386244168	56.6112893362644	84.895355663759	13.8911463585483	2.95514851262803	29.9441670098295
210.833333333333	84.5265469501384	69.1180158991949	99.3845613707552	18.8300730798696	4.35091643269526	38.7631164626142
212.833333333333	79.8457269723835	64.8432320765931	94.1470047862419	15.6071586129955	3.40005115786636	33.8344503687249
215.833333333333	59.0583626724189	45.4014794041388	72.8166368430546	15.5293597793582	3.4397005875501	33.440050225969
217.833333333333	58.8898619849534	45.5970209131715	72.8057583648776	15.0121082953964	3.25810656113526	32.5720205776842
219.833333333333	79.8257922063239	64.9056056769048	94.2553164374607	17.7200955251324	4.18387156497221	36.9926459533028
221.833333333333	64.7526386769549	50.6135670164424	78.6829112372185	14.4440523477891	3.22694102141862	31.6676569640568
223.833333333333	72.9655418415761	57.6801435212731	88.0956182130608	22.7779672687392	6.09161852967538	43.9761653750153
225.833333333333	62.0148666639114	47.7634492869649	76.5959429308474	20.5819628998523	5.19110214858799	41.0112294050103
227.833333333333	77.703119794446	62.1729786996456	93.3462513001578	28.2891305804059	8.58233250652627	51.9213308415221
229.833333333333	63.6174714546239	48.9153571074824	79.7143976023868	27.5553118324397	8.5254331684421	50.467940706422
231.833333333333	74.5543307524644	59.8554370139912	88.7823104694487	18.2903323386331	4.39948654484313	37.8520072221895
233.833333333333	85.8779613673127	70.3062861220266	101.24482856366	23.0518131982931	6.18478413052219	45.1777325690106
235.833333333333	77.9933778035181	62.4642231848702	94.238998942698	29.5743088555191	9.16886687263843	53.3908262022004
237.833333333333	66.2454073001458	51.7205861076099	81.2998951987369	23.3313972714931	6.48108243683455	45.2082505210684
239.833333333333	66.631083079954	52.081178175896	81.3601938635632	20.8534548757569	5.3347443854133	41.584886384377
241.833333333333	72.7003749429516	58.1100708308129	87.11506846029	14.0557435575496	3.05415593603758	30.8612181657416
243.833333333333	82.5281236553811	67.327441790502	97.0527627274664	16.9719274683765	3.80449736337822	35.5782519230175
245.833333333333	71.584316384337	56.5629780047127	87.151599963737	25.6017798290583	7.4579829570721	47.6261039488561
247.833333333333	86.140350281028	70.2151105256461	101.796713584513	26.8193135950153	7.96503258573467	50.1138514598746
249.833333333333	69.9526160260481	55.6220143755014	83.9586395477401	14.9701344730145	3.16905906930651	32.6636515030191
251.833333333333	73.2934817008281	58.6462489586013	87.6600615965147	17.422807466288	3.94965817690031	36.8557017032084
253.833333333333	81.9516649694973	66.1509709313238	96.6211144277171	15.939956473558	3.48984961075764	34.1064711469518
255.833333333333	65.065876071829	50.5746628763104	80.8408738904987	26.5616778949766	7.78203675851292	49.2082945494493
257.833333333333	71.7383410846123	57.1835636711602	85.9990112052484	16.306802414137	3.68829690155158	34.7464736961551
259.833333333333	84.0746759184281	68.7948967648807	98.5506275990872	13.2856247577096	2.80631477394834	29.3589108086623
261.833333333333	86.0746932065346	70.5744409627416	101.060707535575	20.138777284189	5.03621237925621	40.529513160833
263.833333333333	69.0271257929451	54.5953755628468	83.3029694737032	18.0860123013124	4.35212988012594	37.4517602862731
265.833333333333	70.208565868119	55.7462923961129	84.6260763245987	18.4170623349304	4.42944045142819	38.0302339075514
267.833333333333	85.9842073366162	70.5851836542982	100.655411850099	18.1029805767296	4.21579462260951	37.4577118731273
269.833333333333	77.286048484217	61.6485227821566	93.3389222633931	30.0087723374617	9.49645051023378	53.3795404856397
271.833333333333	59.8157445294237	46.203964721676	73.0824639658874	12.9328754835632	2.73437798058915	28.6980209698208
273.833333333333	90.9115576564764	75.1468011450517	105.660202770123	16.803810376167	3.87906504752066	35.022194747275
275.833333333333	66.9304953621779	52.5228200687289	81.8736189366868	20.9891960691438	5.31905239118549	41.7379613639921
277.833333333333	65.1968223811987	50.9758482947217	79.7259604425362	19.4249077052168	4.71156366971083	39.5027558693375
279.833333333333	73.9047461909622	58.6549943381376	89.1671629721216	23.488973730255	6.43753186244737	45.3011964957931
281.833333333333	73.6594213981591	58.8882498319037	88.4510084231753	20.8500552784185	5.29358894286615	41.7070721724267
283.833333333333	72.8030997394705	57.4665422151985	88.8980613768972	31.8382923914434	10.8881640267041	55.8917477324427
285.833333333333	86.656637166824	70.6097142384965	101.755484562731	11.7140336221389	2.37037695209616	26.7360687321769
287.833333333333	85.2023725006706	69.5742962362757	100.466896234463	21.6627640358619	5.53852421360233	43.1738532386531
289.833333333333	77.4025638000236	62.0998613967389	91.3905107068444	13.7283451180227	2.85332506131009	30.4949852372641
291.833333333333	78.6549478797581	63.2875196821648	94.1366428810623	25.5464591026137	7.40656951104149	47.8025216062216
293.833333333333	62.6056183493824	48.5298109046765	77.0554484875777	19.6084718488355	4.84791486022388	39.796282431164
295.833333333333	62.5354242814493	48.7213822873864	76.8802516128218	19.7774749105711	4.95934665776548	39.7185146116757
297.833333333333	86.4017222380511	69.8070413103237	101.757695712397	10.9584465645801	2.18245387351784	25.2640994321347
299.833333333333	67.4336207631311	53.1825892928671	81.400440446351	15.6488324302986	3.58384584352521	33.6963646998466
301.833333333333	83.6063944509009	67.8104118961165	99.1546870159572	25.7071416644632	7.43011785737533	48.5695136040001
303.833333333333	87.9333228466083	71.7566511334844	103.94436366042	26.8970898958494	8.01312151143789	49.7498659278635
305.833333333333	67.9488164541867	53.2260940488385	82.8584600816558	22.2759913527203	5.93224590754988	43.7016827489398
307.833333333333	70.915296387329	56.3985933516305	85.6062793740149	20.0650425836727	5.04420826666146	40.5846020068974
309.833333333333	63.512784731581	48.5950142111779	79.2529776135019	30.4358406613625	10.0565605536431	54.1029468648514
311.833333333333	51.5000313986101	37.5837719920788	66.694884210559	25.4625439188426	7.36993615138614	47.5497641042738
313.833333333333	80.5237363294522	64.2413405699261	97.2305929885943	33.5623152900806	11.5541999598305	58.5956063286614
315.833333333333	67.8532734265062	53.3093872795621	82.0206188718128	15.5387804435605	3.35021990271013	33.8370706533109
317.833333333333	64.0259478920877	49.7099052026436	78.9445597140063	21.6497003907735	5.52045713014188	42.7252861901332
319.833333333333	53.3642209627022	38.8859222537423	69.3464378670845	31.983791886183	10.8821049386889	55.9356371898541
321.833333333333	71.3463339901298	56.4362023087298	86.26267718	20.8796307217932	5.19515396965299	42.0233771475897
323.833333333333	72.2797670370895	57.2368788169504	87.4690059195232	25.8264012237297	7.56031506818653	48.6091294683046
325.833333333333	59.0772842188984	45.3730180180451	73.1437604731325	17.4714099006114	4.06437441593234	36.3308696354814
327.833333333333	73.5576294346495	58.3798632063464	88.9174733872546	24.3196100044254	6.78493844427996	46.6731326494497
329.833333333333	78.7659471465743	63.9644321342843	92.9645582127056	15.8903471547981	3.69390787159315	34.0370690121057
331.833333333333	84.9594807168243	69.5058737733988	100.087369213259	20.6165262407458	5.05732120170076	41.5254037313439
333.833333333333	82.1886772213641	67.0748011860913	96.5570961934851	14.6021801569214	3.2136612865211	31.535886266917
335.833333333333	89.0653653990278	73.6824265870457	103.378346335933	15.4322259910556	3.33755657920099	33.2668654983656
337.833333333333	66.1177810078977	51.864540980903	80.3196034082234	17.1440776099622	3.88652898290776	36.1203087863758
339.833333333333	70.3982086586526	55.14701416495	86.5565438882503	31.3387150901487	10.4207444993547	55.5672030413358
341.833333333333	76.6382165791586	61.6639214149195	91.9469800512441	21.9961357894315	5.75386734191148	43.4622914441782
343.833333333333	75.8176869726591	60.1300181013704	91.9027465400781	30.364691759991	9.96706338026879	54.5942027258113
345.833333333333	69.5228000903626	55.1444558818596	83.9228452284206	16.4949316432218	3.58299312260779	35.1843143279475
347.833333333333	67.1036142527217	52.6023963021659	81.9156410183256	22.242683625616	5.90511699953366	43.5951965418312
349.833333333333	65.816912344212	50.5536992752247	82.0729764911102	30.8683828005101	10.3411558850982	54.6210756607714
351.833333333333	105.398198232201	89.1942030729237	120.430886186136	16.601685776381	3.64210170580222	35.3596469403198
353.833333333333	40.5610908701575	27.6682651257064	54.7810503610975	20.0956789891137	5.14519224101387	40.5546220825316
355.833333333333	62.35454425138	47.7135513264718	77.9219990256509	25.0833673184919	7.14362679833054	47.7120519677446
357.833333333333	59.9702503875897	46.5382261257675	73.6947034899982	15.3076515599236	3.34882151760999	32.8601682584874
359.833333333333	61.2029116525809	47.3720941371655	75.46483324791	18.8381229573273	4.5759359527687	39.0469634307643
361.833333333333	72.5032976668277	57.5237032419917	86.6202520029366	11.9785878856093	2.42546592474441	27.4149690249014
363.833333333333	77.2975532750211	61.826402882883	92.9753105622941	26.4485062868939	7.90218504710758	49.4896403592319
365.833333333333	68.3286791617919	52.8157338753148	85.2140170373229	35.8786051393747	13.2053276912098	60.8696752837249
367.833333333333	70.1789836543013	55.1045028923033	85.9359887833014	26.4817062663177	7.96786284850183	49.2606505961427
369.833333333333	66.9042187961739	51.9088871636489	81.2459431074046	10.2591693177508	2.01336516657897	24.016072846404
371.833333333333	71.578556195286	55.8744390937937	88.3674018217614	38.1538811694691	14.8268965983468	63.3578952062968
373.833333333333	69.584854842816	54.2961971085516	85.3058837766877	26.9636424943742	7.7717277895339	50.4125116380152
375.833333333333	73.0435752838896	58.2576952369427	87.2683563016925	17.1568875976482	3.91191317607152	36.0021244304825
377.833333333333	72.844691760448	57.9295340511807	87.9733138795978	22.8718354773203	6.33257326106452	44.47182117489
379.833333333333	81.1987802857714	65.7978900318175	96.2750132192396	23.3248952797719	6.35237753954013	45.2182570851164
381.833333333333	74.7941243643179	59.5994108579811	89.7390020154626	23.4707882231084	6.27484909178277	45.5997490991699
383.833333333333	81.9259651108718	66.6872071671885	97.1996805728988	21.2247797087277	5.2349397555552	41.9494275593037
385.833333333333	80.5174085975598	65.0433916387054	95.1431950001132	13.7882263470431	2.87612929576651	30.3171402753233
387.833333333333	71.8071202175865	56.8736763566671	87.1939519829273	24.1842216634359	6.7719190595601	46.026840754758
389.833333333333	69.1124401024346	54.4689025271347	84.0493175203097	20.9894178674887	5.26268070871067	41.5467683697195
391.833333333333	59.2577622478747	45.4172073978198	73.6672678849738	20.3842576028038	5.15006866158791	40.7272806395191
393.833333333333	63.5252805045829	49.4519198384559	77.9824805686867	18.6488133667878	4.40467177237652	37.9094559601267
395.833333333333	86.0783480840821	70.1174888596447	100.810575962455	11.8479492935267	2.36463595211466	26.8214643537658
397.833333333333	77.6721841846535	62.0414955184565	93.7203361460539	29.0856727916573	9.14937924738078	51.9206142583597
399.833333333333	64.4905478514154	49.4556714893784	80.5587632711979	31.2568538884456	10.5579806765846	55.0753500375952
401.833333333333	76.9350153719118	62.0549215834924	91.1418960926773	14.5903693486241	3.12360448408887	31.8932614839955
403.833333333333	89.184311026422	73.4277886037133	104.013162706457	13.2292594364966	2.79950902714262	29.375714165415
405.833333333333	70.5056182616057	55.1863489498973	86.9386729179189	35.7429426147703	13.5747723044468	60.6426989975785
407.833333333333	78.8717219871941	61.2859420401432	95.4043599652026	8.77204674660647	1.67698025991642	20.7235693191565
409.833333333333	78.9764084761359	64.1174285563304	93.4315011740797	16.269831919521	3.73346950925181	34.435155576898
411.833333333333	70.9408873222803	56.2818710615153	85.2905751140695	16.3663350141303	3.68118645452187	35.0084203962313
413.833333333333	63.8083148443489	49.3859281810323	78.4166793423905	21.1925310094228	5.3292297861924	41.9187668023286
415.833333333333	57.3904040209348	42.9972673565994	73.2088880473636	28.3710406606633	8.86287389889391	51.3854268663626
417.833333333333	74.5485439069387	58.9899180257093	90.7335366305819	31.9391213688544	10.4840486384517	56.3167086178052
419.833333333333	81.2916635290333	65.3457247821647	96.899352746612	26.52460942293	7.69698422180362	49.9635253591474
421.833333333333	84.5799255992332	69.290400725364	99.4466459913506	21.3243648630136	5.47685611603053	42.2232415045823
423.833333333333	58.5017993703481	44.3937476796143	73.1296207894011	20.7276734359791	5.21015083993917	41.4279426674476
425.833333333333	77.1477941749516	62.0019849721376	92.2631438380096	19.9563773460893	4.88994595670416	40.176080205082
427.833333333333	82.4596059490864	66.9832653973514	97.1835015342644	19.2752770168266	4.64505519352737	39.5449075435629
429.833333333333	71.2714326611967	56.2743989730771	86.3132028689705	22.70532745203	5.9878984037174	44.364895422453
431.833333333333	71.3139396375135	55.8789653809493	88.4195969123116	35.9450089547475	13.4642992241292	60.7608917647778
433.833333333333	68.5540324007883	54.1519331783106	83.0243347294572	18.3102326130749	4.36723615630898	37.5066331008912
435.833333333333	136.52107633418	118.448083619012	153.674592530707	36.7675730425105	13.1669043825161	62.6394456578641
437.833333333333	75.7275288280814	60.7668504522748	90.1236829000014	14.4161100542158	3.17783863814979	31.6439679355611
439.833333333333	68.096401228175	53.5358616376719	82.8392260553105	20.4406051631276	5.10361199661622	40.9521954222467
441.833333333333	76.7654864498411	61.9017834458566	91.057339400831	19.204906308853	4.69387583195443	38.8812037065864
443.833333333333	75.834387353559	60.8804629194244	89.9573649486033	15.5051551056178	3.43828427405011	33.0044578714714
445.833333333333	81.9906226139366	66.6142006515143	96.7000712513616	13.0532074952161	2.74477103302258	28.8182050889431
447.833333333333	79.4651745149261	64.2184282015443	93.9460667263164	14.174625335982	2.99342293253728	30.941075737906
449.833333333333	76.9846671496146	61.2005060143892	91.6112792751655	11.9278084158191	2.40582582654378	27.00872550146
451.833333333333	51.2846840405055	38.3556783153237	64.9248207932032	16.8107066216298	3.84930395092638	35.0742786403545
453.833333333333	86.395403048891	70.4994016194459	101.079398677262	13.2622747928864	2.65481853289049	29.7984672457642
455.833333333333	73.7433135255131	59.1214731578205	88.0019806883225	15.9275227587614	3.58488397956168	34.2118015782364
457.833333333333	65.9226203776011	50.4452802403227	82.7538946907626	44.8209908372794	20.3809912815715	70.5446711953641
459.833333333333	96.3303151639331	80.3516362211875	111.250336395561	18.4452162924846	4.32364394575533	38.2320633590581
461.833333333333	99.4156536883295	83.340913301172	114.399558655848	20.9531021531548	5.32405875200799	41.7510842766531
463.833333333333	86.203136563727	70.7245377391837	101.149874105219	20.1237171937208	4.7953010944323	40.8184944890909
465.833333333333	76.2076349421921	61.3018947500046	91.0831461903499	20.886965085421	5.36220927420506	41.4785037489582
467.833333333333	95.2992766501311	79.5015624624833	110.03769981082	17.1534091317142	3.95135199042561	35.8195746890632
469.833333333333	73.2905313016376	58.376875147722	88.1792689508156	19.8043367409225	4.8000267962167	39.9694860884817
471.833333333333	66.8345793761136	50.9693031922323	83.9777209984018	45.7541673699901	20.7312531989365	72.0949711677775
473.833333333333	94.0311445334575	78.570228105427	108.922569073657	19.0450136027277	4.46449085013557	39.0803970307969
475.833333333333	77.7808924706702	62.4122955484742	92.8574404718731	21.1698244362241	5.37436707101841	42.3793724894575
477.833333333333	81.8258180344287	66.5033761012936	96.7653138284029	22.9792030327957	6.35720101837305	44.6405994084672
479.833333333333	79.2370296872035	63.555730525341	94.922266599066	25.2618840945774	6.84404843338231	48.2245770555733
481.833333333333	106.098435237114	88.6015512318189	122.221361073492	11.323535056637	2.27479040049458	25.9770110608402
483.833333333333	118.049310099771	101.413000554433	133.223903221805	14.7951079010966	3.02821166100488	32.2880902887833
485.833333333333	113.022392359264	95.9274461998547	128.719662240057	26.0609230190787	7.45366262441697	49.3139669948665
487.833333333333	113.769335134478	96.7805443541008	130.091063083794	29.1301145374556	8.67896135781948	53.3252069971031
489.833333333333	97.881065143568	81.8146451881084	113.215252946359	20.645720840238	5.12757776892105	41.5617038844508
491.833333333333	87.4556467220296	70.8910137800022	104.739064225124	57.6684508630046	30.6369366994097	84.4866386800952
493.833333333333	100.849630457994	83.493209242592	117.696434002933	34.8761149282277	12.348819587019	60.5233272307786
495.833333333333	100.791163652173	84.5380874656775	116.395498370764	23.6621646487574	6.23877700738742	46.1145982137369
497.833333333333	110.2365966614	93.3229882882858	126.019115992266	25.9433086722102	7.68726176454943	49.1101252404662
499.833333333333	98.979966197822	82.5115674170662	115.596636677578	32.2103298491267	10.9484598102303	56.6852138121862
501.833333333333	112.69168529098	95.5936817495635	128.551130623304	24.9928649696143	6.92418024348161	48.0117616180073
503.833333333333	95.9826197562625	79.4030973835752	112.438308811866	31.6088284261339	10.41290409338	55.7717954070887
505.833333333333	93.8694352697768	77.1556996874379	111.605036848449	51.9158374415769	25.5557113514453	78.7555502230641
507.833333333333	105.121967528146	88.1292099840697	121.322804724272	30.1281474736014	9.34947564236342	54.7804282176688
509.833333333333	101.926584359123	85.505878205236	118.393051378998	35.5397044458321	12.8337685304738	60.594012610949
511.833333333333	105.202778944054	88.1782423085754	122.552207062162	50.7045687810114	24.2149720186623	77.6931224528635
513.833333333333	102.702110187299	86.3566177413278	117.759084561344	20.9000359911086	5.14661396577307	42.0417680616711
515.833333333333	102.923559405483	86.8770917882635	118.494447613078	20.6971321757959	5.12319223464423	41.3705065597044
517.833333333333	83.2703329321183	66.5217662131633	101.008646442522	54.2582233253271	27.7204258429413	80.9170918500108
519.833333333333	86.7593797053989	70.7788120824247	102.574303886522	28.2315203429917	8.71290225935028	52.0431497327171
521.833333333333	103.686316886077	87.0236631576259	119.685234057875	27.6097969207895	8.17538810730056	51.2378918319152
523.833333333333	123.426863183436	106.117843161076	139.337728498579	24.7487117450457	6.85559168228615	47.573601202664
525.833333333333	92.6008279133829	76.070233909914	109.435634250143	36.6091031739223	13.4536651399265	61.7969338665127
527.833333333333	105.536661996178	88.9860459019455	121.521985907468	27.0390100892199	7.93117651668599	50.3128300797402
529.833333333333	123.55050470805	106.979267965311	139.014235696078	19.5380905365839	4.67084843599124	40.3467910415581
531.833333333333	127.930860149797	110.220830715703	145.089027464078	43.2129401753955	17.7236352160568	70.0922373275321
533.833333333333	144.026580940035	126.646664504148	159.808001109163	23.0381626183676	6.08574739757093	45.3055787573141
535.833333333333	118.109879261532	100.950878699942	133.937605103052	28.1154093911653	8.38908301476406	51.7516980210419
537.833333333333	99.6056454761485	82.7903241193786	117.126504553599	45.0559221025378	19.7526369247283	71.598907584653
539.833333333333	120.110718846864	103.022607528651	136.379580894748	28.8274197396662	8.67796317575074	52.6614565966462
541.833333333333	109.058109212598	92.5057621003203	124.168343040155	16.8496671022841	3.84664571131921	35.4078276165783
543.833333333333	137.53128470523	120.039967764469	153.297557273075	23.4854169751033	6.17138698171914	46.2991876993622
545.833333333333	101.177112296632	84.9194925049812	116.602762333605	20.5700008576489	5.33632080634828	41.1431599139267
547.833333333333	114.769616866	97.4562435989722	130.566665329369	25.6195503292068	7.14752663981147	49.003997690561
549.833333333333	94.1313249979468	76.6281153564975	112.561375892502	84.7242830772962	55.7337378935948	113.323705310333
551.833333333333	98.5818495713999	81.8601179139237	115.574803465414	35.9314422616633	12.9085848424526	61.1027077222746
553.833333333333	72.4642584675159	57.0346724788135	88.5733589026543	29.9126726833537	9.56260121284467	53.650972953136
587.833333333333	66.9553373555041	50.9619133365868	84.7070237509131	63.8578380627732	37.0989130760913	90.7778379215296
589.833333333333	83.3688763183953	67.1922722625796	100.135450841036	36.8505792300264	13.7590783446441	61.806228666459
591.833333333333	85.7525699419993	69.3560306048216	103.350750524397	43.9494235636152	18.8030251039994	70.1221311664338
593.833333333333	105.298746479189	88.1147453846245	121.816836884999	31.6048248886701	10.3443554246196	56.1900873988241
595.833333333333	120.611260878627	104.155225902835	135.671839652045	16.6173060358449	3.81931170315155	35.1507348897329
597.833333333333	102.885564570509	84.9744861313135	118.98748134574	10.6029412667974	2.04850904366263	24.6964790163773
599.833333333333	106.943926709447	89.733025128544	124.02462913417	40.4670557337964	15.9575134514863	66.8115054251287
601.833333333333	109.686173190598	92.6041251598109	126.778601372586	39.9543612541934	15.3777849861782	66.2784287888597
603.833333333333	98.7629204778564	82.6164487210399	114.55639497849	28.2998081844475	8.55978689695108	51.8622295874617
605.833333333333	114.329586200092	97.6175681466879	129.547805225193	22.224182989052	5.62853037688733	44.0419789662228
607.833333333333	113.950034299008	96.8985978267467	129.392660172439	21.2509719293585	5.31964183279753	42.8306662200248
609.833333333333	83.481840749152	67.2907758865762	100.304848754738	37.5207554254373	14.2363927489488	63.2110988049034
611.833333333333	105.176204015885	88.0536852197013	121.703051863015	30.1248459217731	9.44181842834878	54.6958853375732
613.833333333333	104.302281291487	87.3137279768765	121.657091277173	40.2102774449414	16.1145133615897	66.6534605237161
615.833333333333	79.5156085126226	63.2747341561991	96.897421209337	47.8805222968848	22.3010839381101	74.350040291612
617.833333333333	143.083057955279	125.680281221061	158.556155389673	18.1585104456697	4.1893501914457	37.6933987768973
619.833333333333	90.6289764999636	74.6012676532196	106.601200037063	30.5063256468855	9.82969642786651	54.6714393845186
621.833333333333	99.5007845266095	83.6332937644119	114.368778067484	19.4084123258181	4.5214007164423	39.9504831699209
623.833333333333	92.5776889336299	76.1164636497191	109.611237543163	35.8128855103578	12.8643833414263	61.4289384975805
625.833333333333	98.8208581906306	82.3320548463863	114.346987703185	25.6079972128143	7.39060629842256	48.6672264417238
627.833333333333	89.530754848791	73.4288940512072	105.824563128756	29.0842073538782	9.08000093504607	53.0587808194946
629.833333333333	84.4122410184271	68.4412936846972	101.025050513331	32.8741589374151	11.0411635748158	58.1325283050385
631.833333333333	105.411369447022	87.7703311830554	123.39455359406	54.0344964817071	27.6104243106132	81.282030487516
633.833333333333	92.4704135137758	75.8954229742248	109.83473016998	45.240544602162	20.294579042585	71.5155554991136
