"time.h"	"time.d"	"rep"	"total"	"spore"	"total_dil"	"spor_dil"	"tot.ab"	"veg.ab"	"spo.ab"	"prop.veg"	"prop.spor"
"1"	0	0	"A"	22	4	6	2	2.2e+08	219996000	4000	0.999981818181818	1.81818181818061e-05
"2"	0	0	"B"	28	9	6	2	2.8e+08	279991000	9000	0.999967857142857	3.2142857142814e-05
"3"	0	0	"C"	30	5	6	2	3e+08	299995000	5000	0.999983333333333	1.66666666666648e-05
"4"	0	0	"D"	44	1	6	2	4.4e+08	439999000	1000	0.999997727272727	2.27272727271188e-06
"5"	12	0.5	"A"	20	15	6	2	2e+08	199985000	15000	0.999925	7.50000000000473e-05
"6"	12	0.5	"B"	21	23	6	2	2.1e+08	209977000	23000	0.999890476190476	0.000109523809523782
"7"	12	0.5	"C"	17	6	6	2	1.7e+08	169994000	6000	0.999964705882353	3.52941176470223e-05
"8"	12	0.5	"D"	20	6	6	2	2e+08	199994000	6000	0.99997	2.99999999999745e-05
"9"	24	1	"A"	10	13	6	2	1e+08	99987000	13000	0.99987	0.000129999999999963
"10"	24	1	"B"	9	23	6	2	9e+07	89977000	23000	0.999744444444444	0.000255555555555564
"11"	24	1	"C"	6	8	6	2	6e+07	59992000	8000	0.999866666666667	0.000133333333333319
"12"	24	1	"D"	11	4	6	2	1.1e+08	109996000	4000	0.999963636363636	3.63636363636122e-05
"13"	36	1.5	"A"	26	16	5	2	2.6e+07	25984000	16000	0.999384615384615	0.000615384615384573
"14"	36	1.5	"B"	23	14	5	2	2.3e+07	22986000	14000	0.999391304347826	0.000608695652173918
"15"	36	1.5	"C"	28	11	5	2	2.8e+07	27989000	11000	0.999607142857143	0.000392857142857195
"16"	36	1.5	"D"	24	19	5	2	2.4e+07	23981000	19000	0.999208333333333	0.000791666666666635
"17"	48	2	"A"	21	84	5	2	2.1e+07	20916000	84000	0.996	0.004
"18"	48	2	"B"	13	80	5	2	1.3e+07	12920000	80000	0.993846153846154	0.00615384615384618
"19"	48	2	"C"	23	98	5	2	2.3e+07	22902000	98000	0.995739130434783	0.00426086956521743
"20"	48	2	"D"	21	109	5	2	2.1e+07	20891000	109000	0.994809523809524	0.00519047619047619
"21"	60	2.5	"A"	19	69	5	2	1.9e+07	18931000	69000	0.996368421052632	0.00363157894736843
"22"	60	2.5	"B"	22	74	5	2	2.2e+07	21926000	74000	0.996636363636364	0.00336363636363635
"23"	60	2.5	"C"	25	85	5	2	2.5e+07	24915000	85000	0.9966	0.00339999999999996
"24"	60	2.5	"D"	17	93	5	2	1.7e+07	16907000	93000	0.994529411764706	0.00547058823529412
"25"	72	3	"A"	31	196	5	2	3.1e+07	30804000	196000	0.993677419354839	0.00632258064516134
"26"	72	3	"B"	13	212	5	2	1.3e+07	12788000	212000	0.983692307692308	0.0163076923076924
"27"	72	3	"C"	12	187	5	2	1.2e+07	11813000	187000	0.984416666666667	0.0155833333333333
"28"	72	3	"D"	35	208	5	2	3.5e+07	34792000	208000	0.994057142857143	0.00594285714285714
"29"	84	3.5	"A"	20	255	5	2	2e+07	19745000	255000	0.98725	0.01275
"30"	84	3.5	"B"	17	232	5	2	1.7e+07	16768000	232000	0.986352941176471	0.0136470588235295
"31"	84	3.5	"C"	20	258	5	2	2e+07	19742000	258000	0.9871	0.0129
"32"	84	3.5	"D"	23	377	5	2	2.3e+07	22623000	377000	0.983608695652174	0.0163913043478261
"33"	96	4	"A"	12	329	5	2	1.2e+07	11671000	329000	0.972583333333333	0.0274166666666666
"34"	96	4	"B"	13	318	5	2	1.3e+07	12682000	318000	0.975538461538462	0.0244615384615384
"35"	96	4	"C"	17	370	5	2	1.7e+07	16630000	370000	0.978235294117647	0.0217647058823529
"36"	96	4	"D"	17	457	5	2	1.7e+07	16543000	457000	0.973117647058824	0.0268823529411765
"37"	108	4.5	"A"	14	292	5	2	1.4e+07	13708000	292000	0.979142857142857	0.0208571428571429
"38"	108	4.5	"B"	10	348	5	2	1e+07	9652000	348000	0.9652	0.0347999999999999
"39"	108	4.5	"C"	4	295	5	2	4e+06	3705000	295000	0.92625	0.07375
"40"	108	4.5	"D"	10	304	5	2	1e+07	9696000	304000	0.9696	0.0304
"41"	120	5	"A"	89	54	4	3	8900000	8360000	540000	0.939325842696629	0.0606741573033708
"42"	120	5	"B"	80	51	4	3	8e+06	7490000	510000	0.93625	0.06375
"43"	120	5	"C"	83	46	4	3	8300000	7840000	460000	0.944578313253012	0.055421686746988
"44"	120	5	"D"	101	49	4	3	10100000	9610000	490000	0.951485148514851	0.0485148514851486
"45"	132	5.5	"A"	83	49	4	3	8300000	7810000	490000	0.940963855421687	0.0590361445783133
"46"	132	5.5	"B"	62	54	4	3	6200000	5660000	540000	0.912903225806452	0.0870967741935484
"47"	132	5.5	"C"	64	57	4	3	6400000	5830000	570000	0.9109375	0.0890625
"48"	132	5.5	"D"	83	63	4	3	8300000	7670000	630000	0.924096385542169	0.0759036144578313
"49"	144	6	"A"	63	41	4	3	6300000	5890000	410000	0.934920634920635	0.0650793650793651
"50"	144	6	"B"	70	57	4	3	7e+06	6430000	570000	0.918571428571429	0.0814285714285714
"51"	144	6	"C"	45	56	4	3	4500000	3940000	560000	0.875555555555556	0.124444444444444
"52"	144	6	"D"	52	64	4	3	5200000	4560000	640000	0.876923076923077	0.123076923076923
"53"	156	6.5	"A"	55	51	4	3	5500000	4990000	510000	0.907272727272727	0.0927272727272728
"54"	156	6.5	"B"	51	60	4	3	5100000	4500000	6e+05	0.882352941176471	0.117647058823529
"55"	156	6.5	"C"	63	57	4	3	6300000	5730000	570000	0.90952380952381	0.0904761904761905
"56"	156	6.5	"D"	56	78	4	3	5600000	4820000	780000	0.860714285714286	0.139285714285714
"57"	168	7	"A"	43	44	4	3	4300000	3860000	440000	0.897674418604651	0.102325581395349
"58"	168	7	"B"	39	54	4	3	3900000	3360000	540000	0.861538461538462	0.138461538461538
"59"	168	7	"C"	30	46	4	3	3e+06	2540000	460000	0.846666666666667	0.153333333333333
"60"	168	7	"D"	28	59	4	3	2800000	2210000	590000	0.789285714285714	0.210714285714286
"61"	180	7.5	"A"	40	50	4	3	4e+06	3500000	5e+05	0.875	0.125
"62"	180	7.5	"B"	27	66	4	3	2700000	2040000	660000	0.755555555555556	0.244444444444444
"63"	180	7.5	"C"	32	71	4	3	3200000	2490000	710000	0.778125	0.221875
"64"	180	7.5	"D"	25	67	4	3	2500000	1830000	670000	0.732	0.268
"65"	192	8	"A"	33	57	4	3	3300000	2730000	570000	0.827272727272727	0.172727272727273
"66"	192	8	"B"	34	60	4	3	3400000	2800000	6e+05	0.823529411764706	0.176470588235294
"67"	192	8	"C"	34	63	4	3	3400000	2770000	630000	0.814705882352941	0.185294117647059
"68"	192	8	"D"	30	67	4	3	3e+06	2330000	670000	0.776666666666667	0.223333333333333
"69"	204	8.5	"A"	22	82	4	3	2200000	1380000	820000	0.627272727272727	0.372727272727273
"70"	204	8.5	"B"	30	79	4	3	3e+06	2210000	790000	0.736666666666667	0.263333333333333
"71"	204	8.5	"C"	30	99	4	3	3e+06	2010000	990000	0.67	0.33
"72"	204	8.5	"D"	23	81	4	3	2300000	1490000	810000	0.647826086956522	0.352173913043478
"73"	216	9	"A"	139	73	3	3	1390000	660000	730000	0.474820143884892	0.525179856115108
"74"	216	9	"B"	124	78	3	3	1240000	460000	780000	0.370967741935484	0.629032258064516
"75"	216	9	"C"	108	73	3	3	1080000	350000	730000	0.324074074074074	0.675925925925926
"76"	216	9	"D"	163	83	3	3	1630000	8e+05	830000	0.49079754601227	0.50920245398773
"77"	240	10	"A"	94	67	3	3	940000	270000	670000	0.287234042553192	0.712765957446808
"78"	240	10	"B"	95	70	3	3	950000	250000	7e+05	0.263157894736842	0.736842105263158
"79"	240	10	"C"	73	61	3	3	730000	120000	610000	0.164383561643836	0.835616438356164
"80"	240	10	"D"	90	73	3	3	9e+05	170000	730000	0.188888888888889	0.811111111111111
"81"	264	11	"A"	101	86	3	3	1010000	150000	860000	0.148514851485149	0.851485148514851
"82"	264	11	"B"	97	79	3	3	970000	180000	790000	0.185567010309278	0.814432989690722
"83"	264	11	"C"	105	73	3	3	1050000	320000	730000	0.304761904761905	0.695238095238095
"84"	264	11	"D"	102	79	3	3	1020000	230000	790000	0.225490196078431	0.774509803921569
"85"	288	12	"A"	107	83	3	3	1070000	240000	830000	0.224299065420561	0.775700934579439
"86"	288	12	"B"	114	80	3	3	1140000	340000	8e+05	0.298245614035088	0.701754385964912
"87"	288	12	"C"	100	79	3	3	1e+06	210000	790000	0.21	0.79
"88"	288	12	"D"	118	89	3	3	1180000	290000	890000	0.245762711864407	0.754237288135593
"89"	300	12.5	"A"	150	119	3	3	1500000	310000	1190000	0.206666666666667	0.793333333333333
"90"	300	12.5	"B"	142	126	3	3	1420000	160000	1260000	0.112676056338028	0.887323943661972
"91"	300	12.5	"C"	125	111	3	3	1250000	140000	1110000	0.112	0.888
"92"	300	12.5	"D"	116	101	3	3	1160000	150000	1010000	0.129310344827586	0.870689655172414
"93"	312	13	"A"	107	86	3	3	1070000	210000	860000	0.196261682242991	0.803738317757009
"96"	312	13	"D"	93	87	3	3	930000	60000	870000	0.0645161290322581	0.935483870967742
"97"	324	13.5	"A"	166	128	3	3	1660000	380000	1280000	0.228915662650602	0.771084337349398
"98"	324	13.5	"B"	181	98	3	3	1810000	830000	980000	0.458563535911602	0.541436464088398
"100"	324	13.5	"D"	110	97	3	3	1100000	130000	970000	0.118181818181818	0.881818181818182
"101"	336	14	"A"	141	115	3	3	1410000	260000	1150000	0.184397163120567	0.815602836879433
"102"	336	14	"B"	138	120	3	3	1380000	180000	1200000	0.130434782608696	0.869565217391304
"103"	336	14	"C"	86	64	3	3	860000	220000	640000	0.255813953488372	0.744186046511628
"104"	336	14	"D"	97	80	3	3	970000	170000	8e+05	0.175257731958763	0.824742268041237
"105"	348	14.5	"A"	136	116	3	3	1360000	2e+05	1160000	0.147058823529412	0.852941176470588
"106"	348	14.5	"B"	141	86	3	3	1410000	550000	860000	0.390070921985816	0.609929078014184
"107"	348	14.5	"C"	74	53	3	3	740000	210000	530000	0.283783783783784	0.716216216216216
"108"	348	14.5	"D"	125	89	3	3	1250000	360000	890000	0.288	0.712
"109"	360	15	"A"	138	104	3	3	1380000	340000	1040000	0.246376811594203	0.753623188405797
"110"	360	15	"B"	110	95	3	3	1100000	150000	950000	0.136363636363636	0.863636363636364
"111"	360	15	"C"	102	84	3	3	1020000	180000	840000	0.176470588235294	0.823529411764706
"112"	360	15	"D"	91	75	3	3	910000	160000	750000	0.175824175824176	0.824175824175824
"113"	372	15.5	"A"	143	125	3	3	1430000	180000	1250000	0.125874125874126	0.874125874125874
"114"	372	15.5	"B"	141	127	3	3	1410000	140000	1270000	0.099290780141844	0.900709219858156
"115"	372	15.5	"C"	100	70	3	3	1e+06	3e+05	7e+05	0.3	0.7
"117"	384	16	"A"	158	131	3	3	1580000	270000	1310000	0.170886075949367	0.829113924050633
"118"	384	16	"B"	174	120	3	3	1740000	540000	1200000	0.310344827586207	0.689655172413793
"119"	384	16	"C"	92	80	3	3	920000	120000	8e+05	0.130434782608696	0.869565217391304
"121"	396	16.5	"A"	156	109	3	3	1560000	470000	1090000	0.301282051282051	0.698717948717949
"123"	396	16.5	"C"	84	75	3	3	840000	90000	750000	0.107142857142857	0.892857142857143
"125"	408	17	"A"	174	105	3	3	1740000	690000	1050000	0.396551724137931	0.603448275862069
"126"	408	17	"B"	139	131	3	3	1390000	80000	1310000	0.0575539568345323	0.942446043165468
"127"	408	17	"C"	91	69	3	3	910000	220000	690000	0.241758241758242	0.758241758241758
"128"	408	17	"D"	76	66	3	3	760000	1e+05	660000	0.131578947368421	0.868421052631579
"129"	420	17.5	"A"	143	99	3	3	1430000	440000	990000	0.307692307692308	0.692307692307692
"130"	420	17.5	"B"	177	100	3	3	1770000	770000	1e+06	0.435028248587571	0.564971751412429
"132"	420	17.5	"D"	88	65	3	3	880000	230000	650000	0.261363636363636	0.738636363636364
"133"	432	18	"A"	179	111	3	3	1790000	680000	1110000	0.379888268156425	0.620111731843575
"134"	432	18	"B"	200	114	3	3	2e+06	860000	1140000	0.43	0.57
"135"	432	18	"C"	56	40	3	3	560000	160000	4e+05	0.285714285714286	0.714285714285714
"136"	432	18	"D"	110	101	3	3	1100000	90000	1010000	0.0818181818181818	0.918181818181818
"137"	456	19	"A"	231	125	3	3	2310000	1060000	1250000	0.458874458874459	0.541125541125541
"138"	456	19	"B"	185	107	3	3	1850000	780000	1070000	0.421621621621622	0.578378378378378
"139"	456	19	"C"	84	64	3	3	840000	2e+05	640000	0.238095238095238	0.761904761904762
"141"	480	20	"A"	231	125	3	3	2310000	1060000	1250000	0.458874458874459	0.541125541125541
"142"	480	20	"B"	185	107	3	3	1850000	780000	1070000	0.421621621621622	0.578378378378378
"143"	480	20	"C"	84	64	3	3	840000	2e+05	640000	0.238095238095238	0.761904761904762
"145"	504	21	"A"	200	148	3	3	2e+06	520000	1480000	0.26	0.74
"146"	504	21	"B"	206	145	3	3	2060000	610000	1450000	0.296116504854369	0.703883495145631
"147"	504	21	"C"	122	87	3	3	1220000	350000	870000	0.286885245901639	0.713114754098361
"149"	528	22	"A"	211	87	3	3	2110000	1240000	870000	0.587677725118483	0.412322274881517
"150"	528	22	"B"	186	98	3	3	1860000	880000	980000	0.473118279569892	0.526881720430108
"151"	528	22	"C"	91	67	3	3	910000	240000	670000	0.263736263736264	0.736263736263736
"152"	528	22	"D"	114	79	3	3	1140000	350000	790000	0.307017543859649	0.692982456140351
"153"	552	23	"A"	152	98	3	3	1520000	540000	980000	0.355263157894737	0.644736842105263
"154"	552	23	"B"	142	108	3	3	1420000	340000	1080000	0.23943661971831	0.76056338028169
"155"	552	23	"C"	88	79	3	3	880000	90000	790000	0.102272727272727	0.897727272727273
"156"	552	23	"D"	88	85	3	3	880000	30000	850000	0.0340909090909091	0.965909090909091
"157"	600	25	"A"	162	109	3	3	1620000	530000	1090000	0.327160493827161	0.672839506172839
"158"	600	25	"B"	173	99	3	3	1730000	740000	990000	0.427745664739884	0.572254335260116
"159"	600	25	"C"	103	77	3	3	1030000	260000	770000	0.252427184466019	0.747572815533981
"160"	600	25	"D"	117	84	3	3	1170000	330000	840000	0.282051282051282	0.717948717948718
"161"	624	26	"A"	195	126	3	3	1950000	690000	1260000	0.353846153846154	0.646153846153846
"162"	624	26	"B"	183	102	3	3	1830000	810000	1020000	0.442622950819672	0.557377049180328
"163"	624	26	"C"	101	67	3	3	1010000	340000	670000	0.336633663366337	0.663366336633663
"165"	648	27	"A"	186	126	3	3	1860000	6e+05	1260000	0.32258064516129	0.67741935483871
"166"	648	27	"B"	195	124	3	3	1950000	710000	1240000	0.364102564102564	0.635897435897436
"169"	672	28	"A"	219	143	3	3	2190000	760000	1430000	0.34703196347032	0.65296803652968
"170"	672	28	"B"	159	89	3	3	1590000	7e+05	890000	0.440251572327044	0.559748427672956
"171"	672	28	"C"	90	83	3	3	9e+05	70000	830000	0.0777777777777777	0.922222222222222
"172"	672	28	"D"	111	72	3	3	1110000	390000	720000	0.351351351351351	0.648648648648649
"173"	696	29	"A"	152	103	3	3	1520000	490000	1030000	0.322368421052632	0.677631578947368
"174"	696	29	"B"	160	132	3	3	1600000	280000	1320000	0.175	0.825
"175"	696	29	"C"	102	73	3	3	1020000	290000	730000	0.284313725490196	0.715686274509804
"176"	696	29	"D"	105	96	3	3	1050000	90000	960000	0.0857142857142857	0.914285714285714
"177"	744	31	"A"	193	127	3	3	1930000	660000	1270000	0.341968911917098	0.658031088082902
"178"	744	31	"B"	161	125	3	3	1610000	360000	1250000	0.22360248447205	0.77639751552795
"179"	744	31	"C"	80	66	3	3	8e+05	140000	660000	0.175	0.825
"180"	744	31	"D"	105	83	3	3	1050000	220000	830000	0.20952380952381	0.79047619047619
"181"	792	33	"A"	150	128	3	3	1500000	220000	1280000	0.146666666666667	0.853333333333333
"182"	782	32.5833333333333	"B"	165	125	3	3	1650000	4e+05	1250000	0.242424242424242	0.757575757575758
"183"	792	33	"C"	94	55	3	3	940000	390000	550000	0.414893617021277	0.585106382978723
"184"	792	33	"D"	105	93	3	3	1050000	120000	930000	0.114285714285714	0.885714285714286
"185"	840	35	"A"	182	142	3	3	1820000	4e+05	1420000	0.21978021978022	0.78021978021978
"186"	840	35	"B"	157	130	3	3	1570000	270000	1300000	0.171974522292994	0.828025477707006
"187"	840	35	"C"	73	48	3	3	730000	250000	480000	0.342465753424658	0.657534246575342
"188"	840	35	"D"	106	90	3	3	1060000	160000	9e+05	0.150943396226415	0.849056603773585
"189"	888	37	"A"	191	148	3	3	1910000	430000	1480000	0.225130890052356	0.774869109947644
"193"	936	39	"A"	161	148	3	3	1610000	130000	1480000	0.0807453416149069	0.919254658385093
"194"	936	39	"B"	192	136	3	3	1920000	560000	1360000	0.291666666666667	0.708333333333333
"197"	984	41	"A"	161	126	3	3	1610000	350000	1260000	0.217391304347826	0.782608695652174
"198"	984	41	"B"	134	112	3	3	1340000	220000	1120000	0.164179104477612	0.835820895522388
"200"	984	41	"D"	121	107	3	3	1210000	140000	1070000	0.115702479338843	0.884297520661157
"201"	1032	43	"A"	182	128	3	3	1820000	540000	1280000	0.296703296703297	0.703296703296703
"204"	1032	43	"D"	171	114	3	3	1710000	570000	1140000	0.333333333333333	0.666666666666667
"205"	1080	45	"A"	183	156	3	3	1830000	270000	1560000	0.147540983606557	0.852459016393443
"206"	1080	45	"B"	136	125	3	3	1360000	110000	1250000	0.0808823529411765	0.919117647058823
"207"	1080	45	"C"	93	71	3	3	930000	220000	710000	0.236559139784946	0.763440860215054
"208"	1080	45	"D"	104	91	3	3	1040000	130000	910000	0.125	0.875
"209"	1128	47	"A"	180	130	3	3	1800000	5e+05	1300000	0.277777777777778	0.722222222222222
"210"	1128	47	"B"	165	156	3	3	1650000	90000	1560000	0.0545454545454546	0.945454545454545
"211"	1128	47	"C"	94	77	3	3	940000	170000	770000	0.180851063829787	0.819148936170213
"212"	1128	47	"D"	100	94	3	3	1e+06	60000	940000	0.0600000000000001	0.94
"213"	1176	49	"A"	173	169	3	3	1730000	40000	1690000	0.023121387283237	0.976878612716763
"214"	1176	49	"B"	175	138	3	3	1750000	370000	1380000	0.211428571428571	0.788571428571429
"216"	1176	49	"D"	104	79	3	3	1040000	250000	790000	0.240384615384615	0.759615384615385
"217"	1224	51	"A"	163	92	3	3	1630000	710000	920000	0.43558282208589	0.56441717791411
"218"	1224	51	"B"	134	106	3	3	1340000	280000	1060000	0.208955223880597	0.791044776119403
"219"	1224	51	"C"	84	65	3	3	840000	190000	650000	0.226190476190476	0.773809523809524
"220"	1224	51	"D"	88	85	3	3	880000	30000	850000	0.0340909090909091	0.965909090909091
"221"	1272	53	"A"	184	121	3	3	1840000	630000	1210000	0.342391304347826	0.657608695652174
"222"	1272	53	"B"	154	115	3	3	1540000	390000	1150000	0.253246753246753	0.746753246753247
"223"	1272	53	"C"	83	79	3	3	830000	40000	790000	0.0481927710843374	0.951807228915663
"224"	1272	53	"D"	121	106	3	3	1210000	150000	1060000	0.12396694214876	0.87603305785124
"225"	1320	55	"A"	152	120	3	3	1520000	320000	1200000	0.210526315789474	0.789473684210526
"227"	1320	55	"C"	105	74	3	3	1050000	310000	740000	0.295238095238095	0.704761904761905
"228"	1320	55	"D"	124	98	3	3	1240000	260000	980000	0.209677419354839	0.790322580645161
"230"	1368	57	"B"	167	125	3	3	1670000	420000	1250000	0.251497005988024	0.748502994011976
"232"	1368	57	"D"	116	82	3	3	1160000	340000	820000	0.293103448275862	0.706896551724138
"233"	1416	59	"A"	170	160	3	3	1700000	1e+05	1600000	0.0588235294117647	0.941176470588235
"234"	1416	59	"B"	157	151	3	3	1570000	60000	1510000	0.0382165605095541	0.961783439490446
"235"	1416	59	"C"	88	85	3	3	880000	30000	850000	0.0340909090909091	0.965909090909091
"236"	1416	59	"D"	110	90	3	3	1100000	2e+05	9e+05	0.181818181818182	0.818181818181818
"237"	1464	61	"A"	175	133	3	3	1750000	420000	1330000	0.24	0.76
"238"	1464	61	"B"	195	143	3	3	1950000	520000	1430000	0.266666666666667	0.733333333333333
"239"	1464	61	"C"	92	61	3	3	920000	310000	610000	0.33695652173913	0.66304347826087
"240"	1464	61	"D"	137	99	3	3	1370000	380000	990000	0.277372262773723	0.722627737226277
"241"	1512	63	"A"	156	108	3	3	1560000	480000	1080000	0.307692307692308	0.692307692307692
"242"	1512	63	"B"	160	136	3	3	1600000	240000	1360000	0.15	0.85
"243"	1512	63	"C"	96	77	3	3	960000	190000	770000	0.197916666666667	0.802083333333333
"244"	1512	63	"D"	127	104	3	3	1270000	230000	1040000	0.181102362204724	0.818897637795276
"245"	1560	65	"A"	153	115	3	3	1530000	380000	1150000	0.248366013071895	0.751633986928105
"246"	1560	65	"B"	166	109	3	3	1660000	570000	1090000	0.343373493975904	0.656626506024096
"247"	1560	65	"C"	104	69	3	3	1040000	350000	690000	0.336538461538462	0.663461538461538
"248"	1560	65	"D"	112	98	3	3	1120000	140000	980000	0.125	0.875
"249"	1608	67	"A"	171	118	3	3	1710000	530000	1180000	0.309941520467836	0.690058479532164
"250"	1608	67	"B"	181	112	3	3	1810000	690000	1120000	0.38121546961326	0.61878453038674
"251"	1608	67	"C"	102	85	3	3	1020000	170000	850000	0.166666666666667	0.833333333333333
"252"	1608	67	"D"	111	95	3	3	1110000	160000	950000	0.144144144144144	0.855855855855856
"253"	1656	69	"A"	151	135	3	3	1510000	160000	1350000	0.105960264900662	0.894039735099338
"254"	1656	69	"B"	159	126	3	3	1590000	330000	1260000	0.207547169811321	0.792452830188679
"255"	1656	69	"C"	94	64	3	3	940000	3e+05	640000	0.319148936170213	0.680851063829787
"257"	1704	71	"A"	168	138	3	3	1680000	3e+05	1380000	0.178571428571429	0.821428571428571
"258"	1704	71	"B"	166	126	3	3	1660000	4e+05	1260000	0.240963855421687	0.759036144578313
"260"	1704	71	"D"	119	95	3	3	1190000	240000	950000	0.201680672268908	0.798319327731092
"261"	1752	73	"A"	155	130	3	3	1550000	250000	1300000	0.161290322580645	0.838709677419355
"262"	1752	73	"B"	138	95	3	3	1380000	430000	950000	0.311594202898551	0.688405797101449
"264"	1752	73	"D"	97	82	3	3	970000	150000	820000	0.154639175257732	0.845360824742268
"265"	1800	75	"A"	150	124	3	3	1500000	260000	1240000	0.173333333333333	0.826666666666667
"266"	1800	75	"B"	154	137	3	3	1540000	170000	1370000	0.11038961038961	0.88961038961039
"267"	1800	75	"C"	85	69	3	3	850000	160000	690000	0.188235294117647	0.811764705882353
"269"	1848	77	"A"	172	139	3	3	1720000	330000	1390000	0.191860465116279	0.808139534883721
"270"	1848	77	"B"	133	119	3	3	1330000	140000	1190000	0.105263157894737	0.894736842105263
"273"	1896	79	"A"	145	115	3	3	1450000	3e+05	1150000	0.206896551724138	0.793103448275862
"274"	1896	79	"B"	147	112	3	3	1470000	350000	1120000	0.238095238095238	0.761904761904762
"275"	1896	79	"C"	96	61	3	3	960000	350000	610000	0.364583333333333	0.635416666666667
"276"	1896	79	"D"	119	94	3	3	1190000	250000	940000	0.210084033613445	0.789915966386555
"277"	1944	81	"A"	173	137	3	3	1730000	360000	1370000	0.208092485549133	0.791907514450867
"278"	1944	81	"B"	140	131	3	3	1400000	90000	1310000	0.0642857142857143	0.935714285714286
"279"	1944	81	"C"	102	73	3	3	1020000	290000	730000	0.284313725490196	0.715686274509804
"280"	1944	81	"D"	116	89	3	3	1160000	270000	890000	0.232758620689655	0.767241379310345
"281"	1992	83	"A"	177	90	3	3	1770000	870000	9e+05	0.491525423728814	0.508474576271186
"282"	1992	83	"B"	160	108	3	3	1600000	520000	1080000	0.325	0.675
"283"	1992	83	"C"	100	82	3	3	1e+06	180000	820000	0.18	0.82
"284"	1992	83	"D"	120	82	3	3	1200000	380000	820000	0.316666666666667	0.683333333333333
"285"	2040	85	"A"	154	116	3	3	1540000	380000	1160000	0.246753246753247	0.753246753246753
"286"	2040	85	"B"	150	108	3	3	1500000	420000	1080000	0.28	0.72
"287"	2040	85	"C"	82	69	3	3	820000	130000	690000	0.158536585365854	0.841463414634146
"289"	2088	87	"A"	192	154	3	3	1920000	380000	1540000	0.197916666666667	0.802083333333333
"290"	2088	87	"B"	212	155	3	3	2120000	570000	1550000	0.268867924528302	0.731132075471698
"293"	2136	89	"A"	152	104	3	3	1520000	480000	1040000	0.315789473684211	0.684210526315789
"294"	2136	89	"B"	143	115	3	3	1430000	280000	1150000	0.195804195804196	0.804195804195804
"296"	2136	89	"D"	107	85	3	3	1070000	220000	850000	0.205607476635514	0.794392523364486
"299"	2184	91	"C"	129	89	3	3	1290000	4e+05	890000	0.310077519379845	0.689922480620155
"300"	2814	117.25	"D"	111	82	3	3	1110000	290000	820000	0.261261261261261	0.738738738738739
"302"	2232	93	"B"	157	143	3	3	1570000	140000	1430000	0.089171974522293	0.910828025477707
"303"	2232	93	"C"	75	71	3	3	750000	40000	710000	0.0533333333333333	0.946666666666667
"304"	2232	93	"D"	101	89	3	3	1010000	120000	890000	0.118811881188119	0.881188118811881
"307"	2280	95	"C"	82	78	3	3	820000	40000	780000	0.0487804878048781	0.951219512195122
"308"	2280	95	"D"	97	75	3	3	970000	220000	750000	0.22680412371134	0.77319587628866
"310"	2328	97	"B"	168	118	3	3	1680000	5e+05	1180000	0.297619047619048	0.702380952380952
"311"	2328	97	"C"	86	67	3	3	860000	190000	670000	0.220930232558139	0.779069767441861
"314"	2376	99	"B"	165	119	3	3	1650000	460000	1190000	0.278787878787879	0.721212121212121
"317"	2424	101	"A"	170	130	3	3	1700000	4e+05	1300000	0.235294117647059	0.764705882352941
"318"	2424	101	"B"	189	166	3	3	1890000	230000	1660000	0.121693121693122	0.878306878306878
"319"	2424	101	"C"	105	69	3	3	1050000	360000	690000	0.342857142857143	0.657142857142857
"321"	2472	103	"A"	171	148	3	3	1710000	230000	1480000	0.134502923976608	0.865497076023392
"322"	2472	103	"B"	137	116	3	3	1370000	210000	1160000	0.153284671532847	0.846715328467153
"323"	2472	103	"C"	90	77	3	3	9e+05	130000	770000	0.144444444444444	0.855555555555556
"324"	2472	103	"D"	91	85	3	3	910000	60000	850000	0.0659340659340659	0.934065934065934
"325"	2520	105	"A"	161	153	3	3	1610000	80000	1530000	0.0496894409937888	0.950310559006211
"326"	2520	105	"B"	172	111	3	3	1720000	610000	1110000	0.354651162790698	0.645348837209302
"329"	2568	107	"A"	146	105	3	3	1460000	410000	1050000	0.280821917808219	0.719178082191781
"330"	2568	107	"B"	158	114	3	3	1580000	440000	1140000	0.278481012658228	0.721518987341772
"331"	2568	107	"C"	95	66	3	3	950000	290000	660000	0.305263157894737	0.694736842105263
"333"	2616	109	"A"	147	133	3	3	1470000	140000	1330000	0.0952380952380952	0.904761904761905
"334"	2616	109	"B"	141	118	3	3	1410000	230000	1180000	0.163120567375887	0.836879432624113
"336"	2616	109	"D"	107	105	3	3	1070000	20000	1050000	0.0186915887850467	0.981308411214953
"337"	2664	111	"A"	167	129	3	3	1670000	380000	1290000	0.227544910179641	0.772455089820359
"339"	2664	111	"C"	73	69	3	3	730000	40000	690000	0.0547945205479452	0.945205479452055
"340"	2664	111	"D"	114	96	3	3	1140000	180000	960000	0.157894736842105	0.842105263157895
"341"	2712	113	"A"	160	111	3	3	1600000	490000	1110000	0.30625	0.69375
"343"	2712	113	"C"	87	86	3	3	870000	10000	860000	0.0114942528735632	0.988505747126437
"344"	2712	113	"D"	87	84	3	3	870000	30000	840000	0.0344827586206896	0.96551724137931
"345"	2760	115	"A"	151	137	3	3	1510000	140000	1370000	0.0927152317880795	0.907284768211921
"348"	2760	115	"D"	93	70	3	3	930000	230000	7e+05	0.247311827956989	0.752688172043011
"349"	2808	117	"A"	153	88	3	3	1530000	650000	880000	0.42483660130719	0.57516339869281
"350"	2808	117	"B"	145	105	3	3	1450000	4e+05	1050000	0.275862068965517	0.724137931034483
"351"	2808	117	"C"	73	54	3	3	730000	190000	540000	0.26027397260274	0.73972602739726
"352"	2808	117	"D"	84	83	3	3	840000	10000	830000	0.0119047619047619	0.988095238095238
"353"	2856	119	"A"	180	119	3	3	1800000	610000	1190000	0.338888888888889	0.661111111111111
"354"	2856	119	"B"	124	119	3	3	1240000	50000	1190000	0.0403225806451613	0.959677419354839
"355"	2856	119	"C"	93	83	3	3	930000	1e+05	830000	0.10752688172043	0.89247311827957
"357"	2904	121	"A"	162	106	3	3	1620000	560000	1060000	0.345679012345679	0.654320987654321
"358"	2904	121	"B"	137	123	3	3	1370000	140000	1230000	0.102189781021898	0.897810218978102
"359"	2904	121	"C"	85	71	3	3	850000	140000	710000	0.164705882352941	0.835294117647059
"360"	2904	121	"D"	109	99	3	3	1090000	1e+05	990000	0.0917431192660551	0.908256880733945
"362"	2952	123	"B"	148	106	3	3	1480000	420000	1060000	0.283783783783784	0.716216216216216
"363"	2952	123	"C"	86	68	3	3	860000	180000	680000	0.209302325581395	0.790697674418605
"364"	2952	123	"D"	81	72	3	3	810000	90000	720000	0.111111111111111	0.888888888888889
"365"	3000	125	"A"	145	118	3	3	1450000	270000	1180000	0.186206896551724	0.813793103448276
"366"	3000	125	"B"	182	138	3	3	1820000	440000	1380000	0.241758241758242	0.758241758241758
"367"	3000	125	"C"	103	54	3	3	1030000	490000	540000	0.475728155339806	0.524271844660194
"368"	3000	125	"D"	93	82	3	3	930000	110000	820000	0.118279569892473	0.881720430107527
"369"	3048	127	"A"	165	132	3	3	1650000	330000	1320000	0.2	0.8
"370"	3048	127	"B"	167	116	3	3	1670000	510000	1160000	0.305389221556886	0.694610778443114
"371"	3048	127	"C"	79	54	3	3	790000	250000	540000	0.316455696202532	0.683544303797468
"372"	3048	127	"D"	103	75	3	3	1030000	280000	750000	0.271844660194175	0.728155339805825
"373"	3096	129	"A"	165	116	3	3	1650000	490000	1160000	0.296969696969697	0.703030303030303
"374"	3096	129	"B"	150	112	3	3	1500000	380000	1120000	0.253333333333333	0.746666666666667
"375"	3096	129	"C"	72	63	3	3	720000	90000	630000	0.125	0.875
"376"	3096	129	"D"	111	76	3	3	1110000	350000	760000	0.315315315315315	0.684684684684685
"377"	3144	131	"A"	153	112	3	3	1530000	410000	1120000	0.26797385620915	0.73202614379085
"378"	3144	131	"B"	164	114	3	3	1640000	5e+05	1140000	0.304878048780488	0.695121951219512
"379"	3144	131	"C"	118	73	3	3	1180000	450000	730000	0.38135593220339	0.61864406779661
"380"	3144	131	"D"	119	84	3	3	1190000	350000	840000	0.294117647058823	0.705882352941177
"381"	3192	133	"A"	166	108	3	3	1660000	580000	1080000	0.349397590361446	0.650602409638554
"382"	3192	133	"B"	199	107	3	3	1990000	920000	1070000	0.462311557788945	0.537688442211055
"383"	3192	133	"C"	106	72	3	3	1060000	340000	720000	0.320754716981132	0.679245283018868
"384"	3192	133	"D"	91	89	3	3	910000	20000	890000	0.021978021978022	0.978021978021978
"385"	3240	135	"A"	146	110	3	3	1460000	360000	1100000	0.246575342465753	0.753424657534247
"386"	3240	135	"B"	173	143	3	3	1730000	3e+05	1430000	0.173410404624277	0.826589595375723
"387"	3240	135	"C"	86	66	3	3	860000	2e+05	660000	0.232558139534884	0.767441860465116
"388"	3240	135	"D"	84	76	3	3	840000	80000	760000	0.0952380952380952	0.904761904761905
"389"	3288	137	"A"	140	118	3	3	1400000	220000	1180000	0.157142857142857	0.842857142857143
"390"	3288	137	"B"	172	108	3	3	1720000	640000	1080000	0.372093023255814	0.627906976744186
"391"	3288	137	"C"	90	61	3	3	9e+05	290000	610000	0.322222222222222	0.677777777777778
"392"	3288	137	"D"	112	96	3	3	1120000	160000	960000	0.142857142857143	0.857142857142857
"393"	3336	139	"A"	160	95	3	3	1600000	650000	950000	0.40625	0.59375
"394"	3336	139	"B"	151	93	3	3	1510000	580000	930000	0.384105960264901	0.615894039735099
"395"	3336	139	"C"	78	55	3	3	780000	230000	550000	0.294871794871795	0.705128205128205
"396"	3336	139	"D"	89	72	3	3	890000	170000	720000	0.191011235955056	0.808988764044944
"397"	3384	141	"A"	124	98	3	3	1240000	260000	980000	0.209677419354839	0.790322580645161
"398"	3384	141	"B"	142	76	3	3	1420000	660000	760000	0.464788732394366	0.535211267605634
"399"	3384	141	"C"	69	48	3	3	690000	210000	480000	0.304347826086957	0.695652173913043
"400"	3384	141	"D"	81	55	3	3	810000	260000	550000	0.320987654320988	0.679012345679012
"401"	3432	143	"A"	127	125	3	3	1270000	20000	1250000	0.015748031496063	0.984251968503937
"402"	3432	143	"B"	139	101	3	3	1390000	380000	1010000	0.273381294964029	0.726618705035971
"403"	3432	143	"C"	98	78	3	3	980000	2e+05	780000	0.204081632653061	0.795918367346939
"406"	3480	145	"B"	136	120	3	3	1360000	160000	1200000	0.117647058823529	0.882352941176471
"407"	3480	145	"C"	107	85	3	3	1070000	220000	850000	0.205607476635514	0.794392523364486
"409"	3528	147	"A"	163	132	3	3	1630000	310000	1320000	0.190184049079755	0.809815950920245
"410"	3528	147	"B"	161	109	3	3	1610000	520000	1090000	0.322981366459627	0.677018633540373
"411"	3528	147	"C"	100	59	3	3	1e+06	410000	590000	0.41	0.59
"412"	3528	147	"D"	102	99	3	3	1020000	30000	990000	0.0294117647058824	0.970588235294118
"413"	3576	149	"A"	157	112	3	3	1570000	450000	1120000	0.286624203821656	0.713375796178344
"414"	3576	149	"B"	146	110	3	3	1460000	360000	1100000	0.246575342465753	0.753424657534247
"415"	3576	149	"C"	91	71	3	3	910000	2e+05	710000	0.21978021978022	0.78021978021978
"417"	3624	151	"A"	168	107	3	3	1680000	610000	1070000	0.363095238095238	0.636904761904762
"418"	3624	151	"B"	180	143	3	3	1800000	370000	1430000	0.205555555555556	0.794444444444444
"421"	3672	153	"A"	167	136	3	3	1670000	310000	1360000	0.18562874251497	0.81437125748503
"422"	3672	153	"B"	126	110	3	3	1260000	160000	1100000	0.126984126984127	0.873015873015873
"423"	3672	153	"C"	98	66	3	3	980000	320000	660000	0.326530612244898	0.673469387755102
"424"	3672	153	"D"	92	67	3	3	920000	250000	670000	0.271739130434783	0.728260869565217
"425"	3720	155	"A"	215	164	3	3	2150000	510000	1640000	0.237209302325581	0.762790697674419
"426"	3720	155	"B"	217	137	3	3	2170000	8e+05	1370000	0.368663594470046	0.631336405529954
"427"	3720	155	"C"	120	103	3	3	1200000	170000	1030000	0.141666666666667	0.858333333333333
"428"	3720	155	"D"	169	116	3	3	1690000	530000	1160000	0.313609467455621	0.686390532544379
"429"	3768	157	"A"	168	120	3	3	1680000	480000	1200000	0.285714285714286	0.714285714285714
"430"	3768	157	"B"	187	126	3	3	1870000	610000	1260000	0.32620320855615	0.67379679144385
"431"	3768	157	"C"	103	85	3	3	1030000	180000	850000	0.174757281553398	0.825242718446602
"432"	3768	157	"D"	111	83	3	3	1110000	280000	830000	0.252252252252252	0.747747747747748
"433"	3816	159	"A"	153	123	3	3	1530000	3e+05	1230000	0.196078431372549	0.803921568627451
"434"	3816	159	"B"	167	145	3	3	1670000	220000	1450000	0.131736526946108	0.868263473053892
"435"	3816	159	"C"	106	90	3	3	1060000	160000	9e+05	0.150943396226415	0.849056603773585
"437"	3864	161	"A"	155	106	3	3	1550000	490000	1060000	0.316129032258065	0.683870967741935
"438"	3864	161	"B"	142	102	3	3	1420000	4e+05	1020000	0.28169014084507	0.71830985915493
"439"	3864	161	"C"	70	67	3	3	7e+05	30000	670000	0.0428571428571428	0.957142857142857
"440"	3864	161	"D"	96	90	3	3	960000	60000	9e+05	0.0625	0.9375
"441"	3912	163	"A"	139	135	3	3	1390000	40000	1350000	0.0287769784172662	0.971223021582734
"442"	3912	163	"B"	182	113	3	3	1820000	690000	1130000	0.379120879120879	0.620879120879121
"443"	3912	163	"C"	108	68	3	3	1080000	4e+05	680000	0.37037037037037	0.62962962962963
"445"	3960	165	"A"	145	99	3	3	1450000	460000	990000	0.317241379310345	0.682758620689655
"446"	3960	165	"B"	160	108	3	3	1600000	520000	1080000	0.325	0.675
"448"	3960	165	"D"	108	89	3	3	1080000	190000	890000	0.175925925925926	0.824074074074074
"449"	4008	167	"A"	179	140	3	3	1790000	390000	1400000	0.217877094972067	0.782122905027933
"450"	4008	167	"B"	152	123	3	3	1520000	290000	1230000	0.190789473684211	0.809210526315789
"451"	4008	167	"C"	89	80	3	3	890000	90000	8e+05	0.101123595505618	0.898876404494382
"452"	4008	167	"D"	108	96	3	3	1080000	120000	960000	0.111111111111111	0.888888888888889
"453"	4056	169	"A"	163	104	3	3	1630000	590000	1040000	0.361963190184049	0.638036809815951
"454"	4056	169	"B"	118	91	3	3	1180000	270000	910000	0.228813559322034	0.771186440677966
"455"	4056	169	"C"	111	66	3	3	1110000	450000	660000	0.405405405405405	0.594594594594595
"457"	4104	171	"A"	164	117	3	3	1640000	470000	1170000	0.286585365853659	0.713414634146341
"458"	4104	171	"B"	154	118	3	3	1540000	360000	1180000	0.233766233766234	0.766233766233766
"459"	4104	171	"C"	106	76	3	3	1060000	3e+05	760000	0.283018867924528	0.716981132075472
"461"	4152	173	"A"	145	110	3	3	1450000	350000	1100000	0.241379310344828	0.758620689655172
"462"	4152	173	"B"	168	149	3	3	1680000	190000	1490000	0.113095238095238	0.886904761904762
"463"	4152	173	"C"	117	82	3	3	1170000	350000	820000	0.299145299145299	0.700854700854701
"464"	4152	173	"D"	137	102	3	3	1370000	350000	1020000	0.255474452554745	0.744525547445255
"465"	4200	175	"A"	156	98	3	3	1560000	580000	980000	0.371794871794872	0.628205128205128
"466"	4200	175	"B"	139	100	3	3	1390000	390000	1e+06	0.280575539568345	0.719424460431655
"467"	4200	175	"C"	92	83	3	3	920000	90000	830000	0.0978260869565217	0.902173913043478
"468"	4200	175	"D"	99	86	3	3	990000	130000	860000	0.131313131313131	0.868686868686869
"469"	4248	177	"A"	137	94	3	3	1370000	430000	940000	0.313868613138686	0.686131386861314
"470"	4248	177	"B"	182	130	3	3	1820000	520000	1300000	0.285714285714286	0.714285714285714
"471"	4248	177	"C"	70	65	3	3	7e+05	50000	650000	0.0714285714285714	0.928571428571429
"472"	4248	177	"D"	100	87	3	3	1e+06	130000	870000	0.13	0.87
"473"	4296	179	"A"	123	83	3	3	1230000	4e+05	830000	0.32520325203252	0.67479674796748
"475"	4296	179	"C"	86	75	3	3	860000	110000	750000	0.127906976744186	0.872093023255814
"477"	4344	181	"A"	151	133	3	3	1510000	180000	1330000	0.119205298013245	0.880794701986755
"478"	4344	181	"B"	169	132	3	3	1690000	370000	1320000	0.218934911242604	0.781065088757396
"479"	4344	181	"C"	84	70	3	3	840000	140000	7e+05	0.166666666666667	0.833333333333333
"480"	4344	181	"D"	87	67	3	3	870000	2e+05	670000	0.229885057471264	0.770114942528736
"481"	4392	183	"A"	160	112	3	3	1600000	480000	1120000	0.3	0.7
"482"	4392	183	"B"	152	130	3	3	1520000	220000	1300000	0.144736842105263	0.855263157894737
"483"	4392	183	"C"	113	59	3	3	1130000	540000	590000	0.47787610619469	0.52212389380531
"484"	4392	183	"D"	107	77	3	3	1070000	3e+05	770000	0.280373831775701	0.719626168224299
"485"	4484	186.833333333333	"A"	135	120	3	3	1350000	150000	1200000	0.111111111111111	0.888888888888889
"486"	4484	186.833333333333	"B"	174	128	3	3	1740000	460000	1280000	0.264367816091954	0.735632183908046
"487"	4484	186.833333333333	"C"	80	69	3	3	8e+05	110000	690000	0.1375	0.8625
"489"	4532	188.833333333333	"A"	97	94	3	3	970000	30000	940000	0.0309278350515464	0.969072164948454
"490"	4532	188.833333333333	"B"	127	99	3	3	1270000	280000	990000	0.220472440944882	0.779527559055118
"491"	4532	188.833333333333	"C"	82	67	3	3	820000	150000	670000	0.182926829268293	0.817073170731707
"492"	4532	188.833333333333	"D"	94	84	3	3	940000	1e+05	840000	0.106382978723404	0.893617021276596
"493"	4580	190.833333333333	"A"	157	126	3	3	1570000	310000	1260000	0.197452229299363	0.802547770700637
"494"	4580	190.833333333333	"B"	191	116	3	3	1910000	750000	1160000	0.392670157068063	0.607329842931937
"495"	4580	190.833333333333	"C"	103	63	3	3	1030000	4e+05	630000	0.388349514563107	0.611650485436893
"496"	4580	190.833333333333	"D"	99	78	3	3	990000	210000	780000	0.212121212121212	0.787878787878788
"497"	4628	192.833333333333	"A"	173	104	3	3	1730000	690000	1040000	0.398843930635838	0.601156069364162
"498"	4628	192.833333333333	"B"	152	134	3	3	1520000	180000	1340000	0.118421052631579	0.881578947368421
"499"	4628	192.833333333333	"C"	78	72	3	3	780000	60000	720000	0.0769230769230769	0.923076923076923
"500"	4628	192.833333333333	"D"	102	79	3	3	1020000	230000	790000	0.225490196078431	0.774509803921569
"501"	4676	194.833333333333	"A"	190	121	3	3	1900000	690000	1210000	0.363157894736842	0.636842105263158
"502"	4676	194.833333333333	"B"	156	150	3	3	1560000	60000	1500000	0.0384615384615384	0.961538461538462
"504"	4676	194.833333333333	"D"	113	83	3	3	1130000	3e+05	830000	0.265486725663717	0.734513274336283
"505"	4724	196.833333333333	"A"	163	101	3	3	1630000	620000	1010000	0.380368098159509	0.619631901840491
"506"	4724	196.833333333333	"B"	189	116	3	3	1890000	730000	1160000	0.386243386243386	0.613756613756614
"507"	4724	196.833333333333	"C"	87	77	3	3	870000	1e+05	770000	0.114942528735632	0.885057471264368
"508"	4724	196.833333333333	"D"	113	73	3	3	1130000	4e+05	730000	0.353982300884956	0.646017699115044
"509"	4772	198.833333333333	"A"	92	81	3	3	920000	110000	810000	0.119565217391304	0.880434782608696
"510"	4772	198.833333333333	"B"	133	119	3	3	1330000	140000	1190000	0.105263157894737	0.894736842105263
"511"	4772	198.833333333333	"C"	73	59	3	3	730000	140000	590000	0.191780821917808	0.808219178082192
"512"	4772	198.833333333333	"D"	79	76	3	3	790000	30000	760000	0.0379746835443038	0.962025316455696
"513"	4820	200.833333333333	"A"	163	117	3	3	1630000	460000	1170000	0.282208588957055	0.717791411042945
"514"	4820	200.833333333333	"B"	155	134	3	3	1550000	210000	1340000	0.135483870967742	0.864516129032258
"516"	4820	200.833333333333	"D"	133	93	3	3	1330000	4e+05	930000	0.300751879699248	0.699248120300752
"517"	4868	202.833333333333	"A"	195	170	3	3	1950000	250000	1700000	0.128205128205128	0.871794871794872
"518"	4868	202.833333333333	"B"	209	177	3	3	2090000	320000	1770000	0.15311004784689	0.84688995215311
"519"	4868	202.833333333333	"C"	112	93	3	3	1120000	190000	930000	0.169642857142857	0.830357142857143
"520"	4868	202.833333333333	"D"	138	117	3	3	1380000	210000	1170000	0.152173913043478	0.847826086956522
"521"	4916	204.833333333333	"A"	136	131	3	3	1360000	50000	1310000	0.0367647058823529	0.963235294117647
"522"	4916	204.833333333333	"B"	161	160	3	3	1610000	10000	1600000	0.00621118012422361	0.993788819875776
"523"	4916	204.833333333333	"C"	98	83	3	3	980000	150000	830000	0.153061224489796	0.846938775510204
"524"	4916	204.833333333333	"D"	126	118	3	3	1260000	80000	1180000	0.0634920634920635	0.936507936507937
"525"	4964	206.833333333333	"A"	121	111	3	3	1210000	1e+05	1110000	0.0826446280991735	0.917355371900826
"526"	4964	206.833333333333	"B"	194	151	3	3	1940000	430000	1510000	0.221649484536082	0.778350515463918
"528"	4964	206.833333333333	"D"	102	81	3	3	1020000	210000	810000	0.205882352941177	0.794117647058823
"529"	5012	208.833333333333	"A"	174	105	3	3	1740000	690000	1050000	0.396551724137931	0.603448275862069
"530"	5012	208.833333333333	"B"	157	144	3	3	1570000	130000	1440000	0.0828025477707006	0.917197452229299
"532"	5012	208.833333333333	"D"	98	85	3	3	980000	130000	850000	0.13265306122449	0.86734693877551
"533"	5060	210.833333333333	"A"	155	126	3	3	1550000	290000	1260000	0.187096774193548	0.812903225806452
"534"	5060	210.833333333333	"B"	204	140	3	3	2040000	640000	1400000	0.313725490196078	0.686274509803922
"535"	5060	210.833333333333	"C"	101	88	3	3	1010000	130000	880000	0.128712871287129	0.871287128712871
"537"	5108	212.833333333333	"A"	155	109	3	3	1550000	460000	1090000	0.296774193548387	0.703225806451613
"538"	5108	212.833333333333	"B"	136	102	3	3	1360000	340000	1020000	0.25	0.75
"539"	5108	212.833333333333	"C"	89	85	3	3	890000	40000	850000	0.0449438202247191	0.955056179775281
"540"	5108	212.833333333333	"D"	101	81	3	3	1010000	2e+05	810000	0.198019801980198	0.801980198019802
"541"	5180	215.833333333333	"A"	152	86	3	3	1520000	660000	860000	0.434210526315789	0.565789473684211
"542"	5180	215.833333333333	"B"	157	115	3	3	1570000	420000	1150000	0.267515923566879	0.732484076433121
"543"	5180	215.833333333333	"C"	68	58	3	3	680000	1e+05	580000	0.147058823529412	0.852941176470588
"544"	5180	215.833333333333	"D"	92	74	3	3	920000	180000	740000	0.195652173913043	0.804347826086957
"545"	5228	217.833333333333	"A"	166	98	3	3	1660000	680000	980000	0.409638554216867	0.590361445783133
"546"	5228	217.833333333333	"B"	124	108	3	3	1240000	160000	1080000	0.129032258064516	0.870967741935484
"547"	5228	217.833333333333	"C"	67	58	3	3	670000	90000	580000	0.134328358208955	0.865671641791045
"548"	5228	217.833333333333	"D"	79	73	3	3	790000	60000	730000	0.0759493670886076	0.924050632911392
"549"	5276	219.833333333333	"A"	158	103	3	3	1580000	550000	1030000	0.348101265822785	0.651898734177215
"550"	5276	219.833333333333	"B"	171	134	3	3	1710000	370000	1340000	0.216374269005848	0.783625730994152
"551"	5276	219.833333333333	"C"	94	83	3	3	940000	110000	830000	0.117021276595745	0.882978723404255
"552"	5276	219.833333333333	"D"	116	93	3	3	1160000	230000	930000	0.198275862068966	0.801724137931034
"553"	5324	221.833333333333	"A"	145	97	3	3	1450000	480000	970000	0.331034482758621	0.668965517241379
"554"	5324	221.833333333333	"B"	135	119	3	3	1350000	160000	1190000	0.118518518518518	0.881481481481482
"555"	5324	221.833333333333	"C"	71	67	3	3	710000	40000	670000	0.0563380281690141	0.943661971830986
"556"	5324	221.833333333333	"D"	113	83	3	3	1130000	3e+05	830000	0.265486725663717	0.734513274336283
"557"	5372	223.833333333333	"A"	123	93	3	3	1230000	3e+05	930000	0.24390243902439	0.75609756097561
"559"	5372	223.833333333333	"C"	97	71	3	3	970000	260000	710000	0.268041237113402	0.731958762886598
"560"	5372	223.833333333333	"D"	112	92	3	3	1120000	2e+05	920000	0.178571428571429	0.821428571428571
"561"	5420	225.833333333333	"A"	171	108	3	3	1710000	630000	1080000	0.368421052631579	0.631578947368421
"562"	5420	225.833333333333	"B"	158	125	3	3	1580000	330000	1250000	0.208860759493671	0.791139240506329
"563"	5420	225.833333333333	"C"	82	58	3	3	820000	240000	580000	0.292682926829268	0.707317073170732
"564"	5420	225.833333333333	"D"	127	80	3	3	1270000	470000	8e+05	0.37007874015748	0.62992125984252
"565"	5468	227.833333333333	"A"	133	107	3	3	1330000	260000	1070000	0.195488721804511	0.804511278195489
"566"	5468	227.833333333333	"B"	155	134	3	3	1550000	210000	1340000	0.135483870967742	0.864516129032258
"567"	5468	227.833333333333	"C"	110	75	3	3	1100000	350000	750000	0.318181818181818	0.681818181818182
"568"	5468	227.833333333333	"D"	129	88	3	3	1290000	410000	880000	0.317829457364341	0.682170542635659
