time	rep	total	spore	total_dil	spor_dil
0	A	49	35	5	5
0	B	38	41	5	5
0	C	35	33	5	5
0	D	37	38	5	5
24	A	30	41	5	5
24	B	50	49	5	5
24	C	22	30	5	5
24	D	33	30	5	5
48	A	41	33	5	5
48	B	42	40	5	5
48	C	46	47	5	5
48	D	40	38	5	5
96	A	36	25	5	5
96	B	35	47	5	5
96	C	41	32	5	5
96	D	50	54	5	5
144	A	63	50	5	5
144	B	62	63	5	5
144	C	61	48	5	5
144	D	47	49	5	5
192	A	69	57	5	5
192	B	52	53	5	5
192	C	42	60	5	5
192	D	43	54	5	5
240	A	38	41	5	5
240	B	63	51	5	5
240	C	43	53	5	5
240	D	69	79	5	5
288	A	54	47	5	5
288	B	46	43	5	5
288	C	40	41	5	5
288	D	50	46	5	5
336	A	38	46	5	5
336	B	54	46	5	5
336	C	38	53	5	5
336	D	53	45	5	5
384	A	49	29	5	5
384	B	56	49	5	5
384	C	44	29	5	5
384	D	45	32	5	5
432	A	49	47	5	5
432	B	48	51	5	5
432	C	53	50	5	5
432	D	49	57	5	5
480	A	36	28	5	5
480	B	50	46	5	5
480	C	45	35	5	5
480	D	48	33	5	5
528	A	52	48	5	5
528	B	57	34	5	5
528	C	50	60	5	5
528	D	68	57	5	5
576	A	52	50	5	5
576	B	64	51	5	5
576	C	41	64	5	5
576	D	61	49	5	5
624	A	52	56	5	5
624	B	58	60	5	5
624	C	48	42	5	5
624	D	62	48	5	5
672	A	59	54	5	5
672	B	70	46	5	5
672	C	65	58	5	5
672	D	57	57	5	5
720	A	45	53	5	5
720	B	57	48	5	5
720	C	57	53	5	5
720	D	48	45	5	5
768	A	54	42	5	5
768	B	62	49	5	5
768	C	45	55	5	5
768	D	62	53	5	5
816	A	46	45	5	5
816	B	54	49	5	5
816	C	60	44	5	5
816	D	82	56	5	5
864	A	76	49	5	5
864	B	94	66	5	5
864	C	71	76	5	5
864	D	77	61	5	5
912	A	50	47	5	5
912	B	58	46	5	5
912	C	53	51	5	5
912	D	66	54	5	5
960	A	51	39	5	5
960	B	56	41	5	5
960	C	53	38	5	5
960	D	64	48	5	5
1008	A	45	45	5	5
1008	B	43	45	5	5
1008	C	51	52	5	5
1008	D	58	54	5	5
1056	A	44	43	5	5
1056	B	42	41	5	5
1056	C	48	33	5	5
1056	D	55	49	5	5
1104	A	30	46	5	5
1104	B	41	47	5	5
1104	C	41	33	5	5
1104	D	55	50	5	5
1152	A	53	52	5	5
1152	B	64	66	5	5
1152	C	42	57	5	5
1152	D	36	46	5	5
1200	A	49	46	5	5
1200	B	40	43	5	5
1200	C	39	33	5	5
1200	D	48	38	5	5
1248	A	41	42	5	5
1248	B	50	43	5	5
1248	C	35	29	5	5
1248	D	57	39	5	5
1296	A	48	40	5	5
1296	B	61	60	5	5
1296	C	49	47	5	5
1296	D	56	58	5	5
1344	A	40	43	5	5
1344	B	42	46	5	5
1344	C	51	43	5	5
1344	D	44	49	5	5
1392	A	38	39	5	5
1392	B	60	49	5	5
1392	C	44	48	5	5
1392	D	49	45	5	5
1440	A	45	28	5	5
1440	B	43	46	5	5
1440	C	52	36	5	5
1440	D	45	50	5	5
1488	A	42	44	5	5
1488	B	45	43	5	5
1488	C	38	35	5	5
1488	D	57	35	5	5
1536	A	47	51	5	5
1536	B	42	47	5	5
1536	C	48	60	5	5
1536	D	43	54	5	5
1584	A	39	35	5	5
1584	B	55	35	5	5
1584	C	46	41	5	5
1584	D	55	64	5	5
1632	A	50	40	5	5
1632	B	76	46	5	5
1632	C	52	53	5	5
1632	D	54	46	5	5
1680	A	59	42	5	5
1680	B	53	51	5	5
1680	C	48	46	5	5
1680	D	49	49	5	5
1724	A	46	48	5	5
1724	B	61	37	5	5
1724	C	54	50	5	5
1724	D	49	50	5	5
1776	A	40	43	5	5
1776	B	47	60	5	5
1776	C	53	34	5	5
1776	D	58	45	5	5
1824	A	66	67	5	5
1824	B	68	62	5	5
1824	C	41	43	5	5
1824	D	72	53	5	5
1872	A	59	36	5	5
1872	B	48	42	5	5
1872	C	53	34	5	5
1872	D	56	51	5	5
1920	A	71	61	5	5
1920	B	59	43	5	5
1920	C	60	56	5	5
1920	D	67	54	5	5
1968	A	50	45	5	5
1968	B	38	47	5	5
1968	C	53	50	5	5
1968	D	68	67	5	5
2016	A	48	35	5	5
2016	B	43	48	5	5
2016	C	57	59	5	5
2016	D	63	55	5	5
2064	A	50	30	5	5
2064	B	64	46	5	5
2064	C	58	51	5	5
2064	D	49	63	5	5
2112	A	43	37	5	5
2112	B	49	50	5	5
2112	C	36	31	5	5
2112	D	67	47	5	5
2160	A	47	47	5	5
2160	B	36	53	5	5
2160	C	54	44	5	5
2160	D	56	44	5	5
2208	A	56	58	5	5
2208	B	56	44	5	5
2208	C	54	37	5	5
2208	D	59	60	5	5
2256	A	38	40	5	5
2256	B	50	49	5	5
2256	C	46	37	5	5
2256	D	58	39	5	5
2304	A	43	40	5	5
2304	B	53	54	5	5
2304	C	42	37	5	5
2304	D	53	50	5	5
2352	A	52	44	5	5
2352	B	47	46	5	5
2352	C	57	50	5	5
2352	D	59	50	5	5
2400	A	48	55	5	5
2400	B	59	57	5	5
2400	C	62	56	5	5
2400	D	53	49	5	5
2448	A	51	46	5	5
2448	B	46	41	5	5
2448	C	63	56	5	5
2448	D	55	55	5	5
2496	A	75	66	5	5
2496	B	66	65	5	5
2496	C	88	73	5	5
2496	D	77	53	5	5
2544	A	78	57	5	5
2544	B	75	62	5	5
2544	C	66	46	5	5
2544	D	76	60	5	5
2592	A	61	77	5	5
2592	B	83	84	5	5
2592	C	84	63	5	5
2592	D	68	62	5	5
2640	A	49	66	5	5
2640	B	62	77	5	5
2640	C	70	80	5	5
2640	D	72	71	5	5
2688	A	61	59	5	5
2688	B	82	86	5	5
2688	C	68	91	5	5
2688	D	59	80	5	5
2736	A	51	72	5	5
2736	B	67	51	5	5
2736	C	62	57	5	5
2736	D	57	58	5	5
2784	A	50	43	5	5
2784	B	59	48	5	5
2784	C	52	72	5	5
2784	D	58	53	5	5
2832	A	50	56	5	5
2832	B	51	78	5	5
2832	C	70	70	5	5
2832	D	50	51	5	5
2880	A	61	46	5	5
2880	B	56	51	5	5
2880	C	45	44	5	5
2880	D	65	58	5	5
2928	A	61	47	5	5
2928	B	52	52	5	5
2928	C	67	57	5	5
2928	D	70	58	5	5
2976	A	47	48	5	5
2976	B	50	76	5	5
2976	C	54	70	5	5
2976	D	53	65	5	5
3024	A	47	39	5	5
3024	B	63	44	5	5
3024	C	57	38	5	5
3024	D	49	65	5	5
3072	A	55	33	5	5
3072	B	55	34	5	5
3072	C	33	35	5	5
3072	D	54	66	5	5
3120	A	58	38	5	5
3120	B	62	55	5	5
3120	C	63	34	5	5
3120	D	50	38	5	5
3168	A	57	36	5	5
3168	B	46	41	5	5
3168	C	44	55	5	5
3168	D	45	37	5	5
3216	A	56	44	5	5
3216	B	57	55	5	5
3216	C	59	48	5	5
3216	D	60	54	5	5
3264	A	45	24	5	5
3264	B	46	23	5	5
3264	C	43	23	5	5
3264	D	54	30	5	5
3312	A	51	57	5	5
3312	B	63	35	5	5
3312	C	60	50	5	5
3312	D	68	46	5	5
3360	A	43	26	5	5
3360	B	69	47	5	5
3360	C	36	47	5	5
3360	D	61	49	5	5
3408	A	68	48	5	5
3408	B	51	46	5	5
3408	C	49	56	5	5
3408	D	61	44	5	5
3456	A	41	40	5	5
3456	B	53	48	5	5
3456	C	57	33	5	5
3456	D	37	34	5	5
4248	A	30	53	5	5
4248	B	62	57	5	5
4248	C	44	48	5	5
4248	D	51	61	5	5
4296	A	43	39	5	5
4296	B	47	45	5	5
4296	C	62	42	5	5
4296	D	57	39	5	5
4344	A	52	52	5	5
4344	B	60	40	5	5
4344	C	57	49	5	5
4344	D	72	48	5	5
4392	A	46	51	5	5
4392	B	52	46	5	5
4392	C	57	47	5	5
4392	D	61	55	5	5
4440	A	46	27	5	5
4440	B	48	27	5	5
4440	C	51	32	5	5
4440	D	54	41	5	5
4488	A	52	51	5	5
4488	B	68	49	5	5
4488	C	50	47	5	5
4488	D	50	56	5	5
4536	A	55	51	5	5
4536	B	57	40	5	5
4536	C	66	57	5	5
4536	D	45	39	5	5
4584	A	46	35	5	5
4584	B	56	58	5	5
4584	C	38	43	5	5
4584	D	47	44	5	5
4632	A	54	38	5	5
4632	B	52	30	5	5
4632	C	52	40	5	5
4632	D	56	37	5	5
4680	A	50	56	5	5
4680	B	49	54	5	5
4680	C	55	43	5	5
4680	D	32	52	5	5
4728	A	52	35	5	5
4728	B	53	34	5	5
4728	C	53	47	5	5
4728	D	59	31	5	5
4776	A	52	37	5	5
4776	B	44	34	5	5
4776	C	45	50	5	5
4776	D	51	48	5	5
4824	A	53	47	5	5
4824	B	61	44	5	5
4824	C	38	48	5	5
4824	D	47	45	5	5
4872	A	37	32	5	5
4872	B	63	47	5	5
4872	C	70	38	5	5
4872	D	44	38	5	5
4920	A	55	33	5	5
4920	B	60	59	5	5
4920	C	58	47	5	5
4920	D	55	36	5	5
4968	A	43	39	5	5
4968	B	63	63	5	5
4968	C	59	48	5	5
4968	D	59	47	5	5
5016	A	40	45	5	5
5016	B	68	36	5	5
5016	C	59	49	5	5
5016	D	74	61	5	5
5064	A	48	28	5	5
5064	B	55	33	5	5
5064	C	52	27	5	5
5064	D	40	38	5	5
5112	A	47	41	5	5
5112	B	50	36	5	5
5112	C	58	38	5	5
5112	D	37	35	5	5
5160	A	32	33	5	5
5160	B	37	33	5	5
5160	C	42	35	5	5
5160	D	47	35	5	5
5208	A	52	29	5	5
5208	B	52	42	5	5
5208	C	42	39	5	5
5208	D	47	37	5	5
5256	A	58	54	5	5
5256	B	75	64	5	5
5256	C	87	50	5	5
5256	D	66	64	5	5
5304	A	43	47	5	5
5304	B	38	45	5	5
5304	C	46	35	5	5
5304	D	46	36	5	5
5352	A	39	39	5	5
5352	B	53	36	5	5
5352	C	36	35	5	5
5352	D	44	37	5	5
5400	A	38	40	5	5
5400	B	43	42	5	5
5400	C	60	49	5	5
5400	D	55	49	5	5
5448	A	49	40	5	5
5448	B	45	36	5	5
5448	C	38	36	5	5
5448	D	62	33	5	5
5496	A	43	43	5	5
5496	B	63	62	5	5
5496	C	40	44	5	5
5496	D	60	52	5	5
5544	A	60	34	5	5
5544	B	45	36	5	5
5544	C	46	37	5	5
5544	D	68	42	5	5
5592	A	48	36	5	5
5592	B	44	39	5	5
5592	C	53	51	5	5
5592	D	65	28	5	5
5640	A	56	46	5	5
5640	B	52	42	5	5
5640	C	56	50	5	5
5640	D	55	45	5	5
5688	A	30	53	5	5
5688	B	58	64	5	5
5688	C	66	58	5	5
5688	D	60	50	5	5