"time"	"s.est"	"s.lower"	"s.upper"	"v.est"	"v.lower"	"v.upper"
0	9.30198465739685	0.987569182552588	23.1481684861693	29990.7755425231	29964.8460030224	30016.4641735512
0.5	9.42289774403499	1.03468609533982	23.6680680780658	16990.7016054617	16964.4362000164	17015.9065024073
1	9.34791459340604	1.00225699921529	23.4877075898604	5990.74153901208	5964.31806630707	6016.09966604356
1.5	9.51782648930673	1.0468454924907	23.6384981083157	2790.31736747745	2764.06347506778	2815.78073925243
2	13.353879988116	1.91825317211343	29.6131241387788	2286.6717251313	2258.99823439877	2313.32300842225
2.5	12.7229774222087	1.79758729789595	28.9263566169626	2487.19029723609	2460.05736251885	2513.54559817704
3	18.9903412378382	4.03306249130455	36.9414045994766	1181.00268187546	1152.20733512493	1208.82999996906
3.5	24.6168950852701	7.15045199284632	43.519654599916	1975.28006189193	1945.67605513612	2004.44309332839
4	34.6216203370056	15.4779112746216	54.021155647115	1665.28189352329	1635.52887234493	1695.03760096286
4.5	27.8136860920726	9.6747107391095	46.86903108601	371.917649131264	342.132565149729	401.035068984913
5	43.015727303208	23.2166079261785	62.0983050230847	787.00954187575	757.16978693801	817.110697871522
5.5	53.9204955282051	33.8454618938924	73.5448525706663	585.833216088355	555.862626229096	615.718657025064
6	52.7101860374695	32.4195479778302	72.7570807800687	397.062959724611	367.003185939466	427.518239652733
6.5	53.9581401509584	33.9973591359454	73.2801891324798	575.946514276713	545.743965817212	605.919379072825
7	43.2653756142435	23.5619666847973	63.0983807830562	256.455740475238	226.156156680595	286.460187818255
7.5	67.7951315223049	47.747234646479	87.1628062750112	251.821622122408	221.909527418979	282.55418232186
8	59.8643564492352	39.7803321950447	79.9907859020989	279.719453858829	248.639810119239	309.974694333655
8.5	95.712165204455	75.8792009749644	115.381663588029	203.732790548724	173.491205825551	233.788361194708
9	72.8674783391499	52.3614235259941	93.4515613071968	30.4263681152749	0.0248219478651394	63.8695477242476
10	61.6287500667863	47.1034017382471	76.0199023365952	16.640088941787	3.93658334116975	34.7492821338176
11	75.6721324489542	59.8394158707171	91.7895863530968	26.1545088250773	7.86270230775597	49.0561356966899
12	78.4779409859186	62.7714329893101	93.825452366905	21.5366009315819	5.6762408354507	42.4168375386593
12.5	105.192118521021	88.7298963370664	120.971221589725	20.6249900198376	5.23808551487626	41.3287523562511
13	85.3736384341022	68.9018333958082	101.048791150363	10.8040244110191	2.20019722493609	24.7166908074012
13.5	84.9029559087422	69.0331865558755	100.415006996871	11.7638738056935	2.54598736833284	26.2192217666541
14	66.3903309790855	51.7089318264135	81.4085695098955	20.3735412881155	5.40449892674264	40.4485575640443
14.5	57.6640014196188	43.4519669972902	72.0205616663138	18.8893520723754	4.84503772458981	38.1770216164643
15	82.1223384641174	66.4263908903405	97.2314321256367	20.6476400583303	5.37649412672928	41.044103799362
15.5	72.7342473398784	57.3842822780549	88.1315522795981	24.7458791610477	7.05979793193707	46.5193208620594
16	77.2616535575412	61.8158038866454	92.3349720092137	18.0487564949591	4.40616911937921	37.4241734581727
16.5	72.3748680183612	57.396652261137	86.9612619804288	16.6892145625681	3.99957551431206	34.688491263357
17	70.4750843817654	55.2778503331665	85.6369385097302	20.9454536792756	5.51168492623789	41.6054130080202
17.5	86.6101919660931	70.5763892567577	101.949105919316	11.3982522174839	2.40423914016217	25.7779436001783
18	47.1779372200433	34.2302999627083	60.7981973971293	15.5004175610644	3.62578691410832	32.9670159199834
19	66.0198707424594	51.3358993741909	80.9249986625106	19.6192790777808	5.04342575774705	39.2018864293761
20	65.9589134362842	51.5084749280001	81.0536525608003	19.5625638409102	5.0201803158156	39.3836888337945
21	88.150557410736	71.6504636178761	104.667911402675	29.2482838046664	9.24282667509269	53.1964228192147
22	69.1661732250173	54.1504849029938	84.3542068682907	21.6498900058221	5.582525510866	43.0063675030287
23	75.6925736895037	60.6324634916213	90.7130023306087	17.0224748417508	4.04353178373216	35.3945986866961
25	77.5949956611697	61.5207195625865	93.4033455239463	23.7683159540527	6.48162492983283	45.7817313861026
26	71.1533486381935	55.7331153722842	87.0786126192666	26.4747169171988	8.12485564771219	49.0574993468361
27	82.67963692269	67.0320496490078	97.7688290026964	12.4342458809826	2.7305464611863	27.7770985842031
28	78.585738217971	63.294349775781	93.466970912294	16.6763871028569	3.94762566656538	35.4112245895791
29	75.1858397323847	59.4800448365984	90.8276288490215	24.3942658956169	7.1164729555878	46.1293288474554
31	66.2399898281275	51.3181486397338	81.0498823397252	17.6131618423553	4.18520892510924	36.6001828569465
33	62.4495351729622	47.380311021414	77.974174699441	27.5457902782492	8.3875018177212	50.3077987754142
35	54.8103892125924	40.9182838404764	69.1184266614577	19.579861536525	5.20324762499105	39.3791002198889
37	67.5002541582376	52.7891380572669	81.9980124662177	12.6793130685249	2.8604044356646	28.2657393692769
39	63.6334171216313	49.0661789959516	78.0175409766671	10.8644031017898	2.36142113624787	24.7730424370568
41	87.9107891765598	72.0563982398026	103.311660192031	12.0426061164883	2.58685229422835	27.0677625881418
43	80.2597657369515	64.154763837359	95.9630874680624	10.2792239574061	2.17283580602749	23.307613273761
45	72.0574507732576	56.5037523552085	87.3835157109785	21.0958898693368	5.7340209827724	41.5850461084207
47	75.8254527471438	60.4142110813084	91.0310659901599	19.8046917762916	5.26639837084252	40.2701116880439
49	90.3552839961686	74.5548367123329	105.350023224725	13.0413392993929	2.8995180943846	28.7412631590415
51	66.5727036185676	51.7456990325535	81.3582475904832	19.3400906167149	4.90301044343579	39.6023025337728
53	74.3144787467522	59.0129102270773	89.1179215528732	15.450342539855	3.44711837768575	33.423025557034
55	76.3215576357872	60.4409661357564	92.140315169076	25.7132869060735	7.43842833515172	48.3156905735704
57	75.268602035158	59.6354533381456	90.4329668593938	11.7247228877446	2.50201021916181	26.0815155672515
59	79.2411179149503	64.0292504131156	94.2400331298113	15.4109974021416	3.50939910470872	32.876524886229
61	65.8455234978645	50.9564179651974	81.3951484907657	24.121098567254	6.7908195589762	46.1503404732175
63	76.3673522476281	61.1264876872415	91.3413359989131	20.4383458156739	5.33809738461566	40.6481054974027
65	72.792598486187	57.3529959310872	88.7628487842946	27.4240679705433	8.70453127677051	50.572399992554
67	82.7895410625045	67.1789134960783	98.2219310109374	20.1432205070898	5.2564037344053	40.729733805783
69	68.1356984487234	53.115251980093	83.5274286114742	23.9602023778283	6.64161495190627	46.1279951522829
71	73.2109280939305	57.8218307248985	87.9205170308859	13.810933938114	3.13462087559816	30.4406125097268
73	86.2195206731112	70.5539883086775	101.166646596115	13.7792110880046	3.03227081238479	30.178555456668
75	69.1076962512741	54.3126529937352	83.8434088630468	18.5815327115894	4.63401140533182	38.3587883719029
77	74.2097730204319	58.9963833188093	89.0476409317424	14.4888385237152	3.34129836894886	31.1278160034448
79	66.6127665825833	51.491519566613	82.4081722411291	26.053727878789	7.73156499740875	48.2351195364921
81	75.0883392288832	59.090498959856	91.1981943689624	24.7027462649524	6.81937932568228	46.9713411063517
83	80.417743953842	64.8599449466981	95.6609025533952	20.3626073770753	5.24101689907886	40.6649633467
85	68.3114094862794	53.4120538916522	83.0024904534482	17.5493107582042	4.14602258948642	36.166608267149
87	96.0575856651648	79.7408666804263	111.527132308563	12.3337430291779	2.59843226932232	27.7242921407132
89	73.0630500783409	56.9364551080351	88.9629790666462	9.43011649806227	1.93211442124865	21.6455489059422
91	90.483321406492	73.64955358807	107.184779460717	32.5260992270141	11.4555453308641	57.5530921855193
93	67.7573922808069	53.2660230161727	82.4303440764326	15.0876063139793	3.57376790571018	32.056915619385
95	73.5034108843985	58.4848782599025	88.2983239224376	15.361764489467	3.47139864615896	33.0420973591416
97	68.2199786638523	53.4731150241573	83.1429839658009	19.5562740669924	4.91162268558005	39.4035541404307
99	80.5751533607963	65.1308707704709	95.4379923797203	12.0561221765523	2.58088777445746	26.6639723446156
101	73.1028994531197	57.3469444613743	89.2063756291101	27.8879384816809	8.59902162903394	51.2052272790014
103	75.0911566395692	59.8476009153273	90.1419782813267	18.0666457120819	4.54644423113635	37.1190570847854
105	88.3455421379337	72.130667780763	103.950165944508	10.9544416641847	2.33368302598768	24.8398503959178
107	69.3607269553674	54.0903290755125	84.9364857469252	23.7833349680411	6.69193370917251	45.597111210157
109	71.5960909235197	56.7607858931737	86.1962510694452	14.2641724580038	3.33910642394433	30.9989434843944
111	66.0194042034525	51.651437889331	80.2302050263025	14.8649134949025	3.48241771566895	31.8731283523797
113	79.456198383666	64.3248390388242	94.5478678543945	15.1471120903016	3.41192111932047	32.548956170459
115	76.6721860663983	61.5797002831772	91.3234054090076	13.9674607164991	3.18818181202469	30.6517371101336
117	57.9746473210356	43.9364771775173	72.5073760063094	18.0835101803298	4.41386954752811	37.5166764197766
119	79.3427254483042	63.7995483643776	94.3344415898547	17.5359229108488	4.20997916128988	36.6040009614558
121	70.2854699067812	55.2868714978767	85.3825152763395	18.0928113514927	4.48214035517788	37.5142059441666
123	68.6057205390605	54.0631526734928	83.7090930279728	19.3244208543671	4.8918286666952	38.7294311245166
125	63.1241366872359	47.3735453050266	79.6128703733633	33.3844391854503	11.9737270898289	58.1930797251316
127	59.1809447963585	44.6950364793012	73.7872893563462	20.5895755661807	5.30694462522242	41.5084114796645
129	62.6444325983947	48.442955686693	76.9885349573921	15.7387985757851	3.69995268381504	33.4815216280308
131	77.5654112058833	61.2580945166509	94.4096759348411	34.0111127796416	12.1931054079673	58.6975273049247
133	75.1725247449322	59.3151607819791	91.1683815357233	27.1780370959745	8.17615268468452	50.6227022482818
135	67.4182952318955	52.4200868212668	82.4270913687722	19.9917237072895	5.08594868072607	40.5041835618233
137	65.4708173434254	50.4286104572556	80.6214135742382	23.1057718977217	6.42647632328886	44.5403784846576
139	59.7367712936245	45.2232079147091	74.4120884363105	19.6105858177488	5.07936856282023	39.3783754724253
141	53.9173614197412	40.1485897448197	68.2039293579198	18.1921512959491	4.45481886079493	37.2510399867988
143	77.3970659998551	62.0345046259418	92.7453874292592	20.992511220013	5.65429666171133	41.4163535949828
145	83.9778349227215	68.1376962304888	99.6317162204244	22.389347041911	6.04739891509341	43.5771286803939
147	65.7749182216592	50.4479694067888	81.9102926301205	29.2768213076567	9.13902086537293	52.7759003024871
149	71.5891892071164	56.5317507145789	86.8159332892118	20.4868899871351	5.17733463881159	40.9688082058306
151	83.042687145594	67.5238884410452	98.0168604705329	14.5320151197701	3.31944031257067	31.4520397307873
153	70.0114006853364	54.4121026684359	85.9432699055396	25.2854138317221	7.34167482477268	47.4366935834446
155	98.6325184384807	82.2845070000193	114.604574657337	21.5677302449636	5.63555604947565	43.1410847033165
157	82.9768176706992	67.0815758449927	98.6914100545824	20.8046831175294	5.37878736810286	41.7218895226984
159	86.9146355973242	71.3814690817806	102.300957796842	20.2659784757649	5.25176313165583	40.4256662011551
161	64.1891438362018	49.8717962149864	78.6431597844013	14.3442861351732	3.12772248015805	30.9245588710899
163	72.7808485410076	56.8571029100089	89.1219590907852	30.1311583451972	9.87253110389951	54.094043398985
165	82.9458347449494	67.2090643028972	97.9157540907556	13.3264435264621	2.91994462605456	29.2152156150254
167	76.5846719143105	61.1901877051765	91.4174849212696	16.9616316678965	4.03630041325345	35.5428828000421
169	71.9603305023172	55.9858356327209	88.4616008114876	32.7807235080122	11.5747342455502	57.2128838540558
171	77.5845699246023	61.6219961514346	93.5347124832808	25.7536563974386	7.48697345965583	48.1831842948872
173	83.6173498699623	67.4706196521758	99.9702936973581	28.8631123391985	9.37532857392592	52.7046051136695
175	79.1060734325535	63.5683039020008	94.0681222176942	17.256869586527	4.23777058851379	36.1947628636426
177	63.1021188884609	48.8101369688438	77.1858668681729	14.8243026490426	3.42617858854013	31.840822233397
179	72.7479638069427	57.5506374734589	87.636845884707	17.3483546971139	4.03551732273416	36.3204730058473
181	69.3406724032419	54.7049284528499	83.8661501599249	18.0679258765002	4.47503184940856	37.2051505948393
183	67.4262778059823	51.5849934410654	84.5680832388939	37.8548690753687	14.6344149180378	62.7653790922793
186.833333333333	67.9074214097034	53.3697123292874	82.6998436468429	16.894789112201	3.97373522786387	35.0186673111671
188.833333333333	67.3813279325244	52.5703237731134	82.2842552273414	18.0200489694974	4.42641668452929	37.1976452246163
190.833333333333	68.7694875272286	53.1886778681323	84.8080057907083	29.4764476393424	9.7978882576392	53.2971985899113
192.833333333333	69.2090127323343	54.5627711774391	83.8343811549467	15.5550522568255	3.72211635062125	32.8960472285454
194.833333333333	77.1623546413306	61.788374593507	92.08513428899	12.5310753393762	2.67771484601917	28.0536082185515
196.833333333333	74.2286950174879	59.1913235206431	88.9308586095734	17.1083294741256	4.24277697816457	35.4522150905523
198.833333333333	60.7427456047439	46.5633508175427	75.0920207925171	16.9414592982344	4.14254831166694	35.1921909798685
200.833333333333	89.8355068160432	73.8412464514124	105.33231723426	11.9259391123881	2.51052137335078	26.9202398576827
202.833333333333	90.2077469521888	74.0243044212104	105.841749068992	21.7140103312846	5.83723961065493	43.057964621255
204.833333333333	80.7047909258609	65.0907702308482	95.8552648793771	19.2853570706605	4.71509576511858	39.2513404980392
206.833333333333	93.6984862386732	75.684640286947	110.852782109353	8.57834290084715	1.75221374604166	20.0432508047713
208.833333333333	70.6714059121999	56.0451870954796	85.0899207551883	14.4223241157319	3.23393939634638	31.4083508431268
210.833333333333	84.3320732960608	68.9889663534261	99.4752242018462	19.0034248101875	4.72783135301242	38.6868445636826
212.833333333333	79.3964881948548	64.0647856576422	94.3854063365749	15.8589909709844	3.66350311411157	33.7151942694945
215.833333333333	58.9274900039573	44.8315444127534	73.1131156293722	15.5401449757765	3.60549924759532	32.9991360733074
217.833333333333	58.6390339662685	44.5852479656471	72.7552761387333	15.3251073823243	3.57538725526472	32.6000455760027
219.833333333333	79.6090130890926	64.5599296440344	94.370321674852	17.8698502765972	4.42061990844152	37.1423762656446
221.833333333333	64.4462515245007	50.1546233958492	78.9767436099953	14.7003910533251	3.29722654428532	31.6188674963031
223.833333333333	72.9143286076319	57.443262626178	88.5460945784413	22.8508288531745	6.25754211516458	44.2892247290323
225.833333333333	62.1602749318222	47.273890466396	77.067179323007	20.5197723000263	5.37040656872833	40.9597095266439
227.833333333333	77.7909627160222	61.8463912897243	93.7966141782948	28.0479412096825	9.05237704284237	50.8938513745062
229.833333333333	64.0205741194578	48.8468459264547	80.0385763823233	27.0696435486335	8.19698453098	49.6781381843448
231.833333333333	74.3426723702873	59.1675136029586	89.2662944246279	18.4805933671671	4.68032595380827	37.7248746566583
233.833333333333	85.910114407758	69.599019701947	102.016979815982	22.9843584880652	6.39004760251033	44.6276845581439
235.833333333333	78.1197548581439	62.0023305699761	94.5991320022719	29.3135458524973	9.25026449515108	53.0015797262219
237.833333333333	66.3279652359694	51.3195775412013	81.8077267413754	23.1379770434241	6.48657623128207	44.508924879733
239.833333333333	66.6015957483116	51.7745192744086	81.4239435969381	20.7128607220702	5.60924625024968	40.8990022951679
241.833333333333	72.3581670910462	57.3357996635179	87.1108107433495	14.4306272884352	3.32107316730062	31.775827466608
243.833333333333	82.3255218222545	66.7013148614633	97.376616396375	17.1628371456357	4.12967166929255	36.2044801076974
245.833333333333	71.7129163140672	56.2804092536182	87.5832444977263	25.4028853754767	7.25331324320242	47.1765916508314
247.833333333333	86.2881127007499	70.2047113206505	102.253346450821	26.4327272586417	8.09694547324973	48.5819938095708
249.833333333333	69.7561909199169	54.9745641673051	84.3764032049355	15.2589615259851	3.56332114025205	32.7735656282554
251.833333333333	73.0982608019975	57.9288577344834	88.1948476041082	17.6993593906024	4.22049521949757	36.949601022543
253.833333333333	81.3265465169109	65.6592287017688	95.9666604233477	16.3659313591305	3.98710448564452	34.2992150028792
255.833333333333	65.0077741906042	49.7746981342091	80.7536944031757	26.505274414149	7.93721832463526	49.2689543738225
257.833333333333	71.5775935472435	56.5265924232973	86.2342031570304	16.5804767408677	3.92517607914002	34.6821247847511
259.833333333333	83.5848190234141	67.9782427351731	98.3886552717756	13.7151325792504	3.01773733813492	30.1813584163506
261.833333333333	86.0252485636103	69.8014490525016	101.842099531119	20.2033504029242	5.2137348926353	41.0540911538367
263.833333333333	68.8281441895622	53.9486106487355	83.6051957241724	18.1606528689867	4.51706500447196	37.3056625525645
265.833333333333	69.9121825581706	54.9264693203325	84.6807873065916	18.7054747433568	4.73888588568026	38.5224607648617
267.833333333333	85.6330227790731	69.907843406479	100.939033914028	18.4754168223197	4.5725653619268	38.2272033650615
269.833333333333	77.3791559885032	61.1604431344671	93.7724906654394	29.9145084303894	9.98622354381328	53.90886559818
271.833333333333	59.4397996772999	45.4071065484198	73.4321480647013	13.292135617182	2.93309190265387	28.895304179528
273.833333333333	90.6243091688695	74.6866707895612	106.004031307595	16.9853304541769	4.03329828473388	35.5451681120927
275.833333333333	66.9309112978904	52.0742357541265	82.1707494470036	21.1793411757185	5.49439604961076	42.073175714639
277.833333333333	65.1738113566603	50.5283650115882	79.892811273273	19.5204043500847	5.0024010065056	39.2138721923889
279.833333333333	73.9294056477379	58.4904912400142	89.3177165115053	23.5346892127179	6.59302992931315	45.0675633363649
281.833333333333	73.6437032113663	58.1642432514956	88.8418304335329	20.7871146127445	5.44183842801472	41.5485732425466
283.833333333333	73.1044545912843	57.4029213854408	89.7434720141719	31.3937787041089	10.3610279802217	55.2720877230362
285.833333333333	86.161855801955	70.2281180692496	101.644191197519	12.0261153807937	2.59750770132091	26.6697475879863
287.833333333333	85.149176855375	69.429406136994	100.664422429722	21.7218975735399	5.7837599535371	42.5975265024753
289.833333333333	76.7765187048622	61.3491276982221	91.4554783612493	14.4684780474588	3.20730792290338	31.6353961897209
291.833333333333	78.6603876290459	62.8008554063403	94.3299700415687	25.4094358042446	7.60286412291824	47.9298316369203
293.833333333333	62.5634194980409	47.9203088784527	77.3142993986817	19.73504163004	5.07784506043323	39.9008691826475
295.833333333333	62.3616244512892	47.7787469135058	77.2001594750106	19.9207418637874	5.02786476069808	40.2967435541294
297.833333333333	85.7136104650748	69.6182328995185	101.017493239346	11.3912589583175	2.37464552027444	25.8386279315287
299.833333333333	67.1783378695422	52.4817993540281	81.6494239001776	15.9087680709497	3.67078192194867	33.6001203950681
301.833333333333	83.6048702238621	67.412530946501	99.8353077648847	25.4370070260648	7.27480760873921	47.7899371126139
303.833333333333	88.0002783981989	71.8120458786451	104.093749291709	26.6447909589507	8.02474793109524	49.7863338529774
305.833333333333	68.1315211090241	52.9874015324224	83.341846200004	22.1348226209765	5.94483151020055	43.1274159652383
307.833333333333	70.7744813230108	55.6400702756037	85.9042566288539	20.2908614436628	5.38389398070699	40.2292592102484
309.833333333333	63.9741633690589	48.9303336691571	79.7796386872611	29.8605982209771	10.0608791665324	52.9591947006853
311.833333333333	51.7770522915443	37.5369189272939	67.0006942956366	25.3328451606191	7.54197685366176	47.1674045730238
313.833333333333	80.838906135382	64.7752158982143	97.2953663438136	32.854975760127	11.7281797358249	57.069686683399
315.833333333333	67.7245561459308	52.9911959515387	82.1499436939656	15.7192076154761	3.61869265223179	33.1301625918299
317.833333333333	64.1623739687773	49.436829134607	79.1649453935491	21.5504760530611	5.97408594417473	42.4926057234461
319.833333333333	53.7476969579044	38.93619893084	69.6389924039292	31.5892389206656	10.7227616874124	55.1718104441626
321.833333333333	71.1855784822489	56.1513334328508	86.1972580001698	21.0631802031609	5.52329870492212	41.63978711616
323.833333333333	72.3711858287788	56.8793732940479	88.175239619882	25.5824361857201	7.51210480849352	48.0894563550042
325.833333333333	59.0422440627915	44.9425329070652	73.6205486953292	17.6792194544223	4.30445048377143	36.3369783563013
327.833333333333	73.6398194325796	57.9059828993308	89.3030922081709	24.2431301692516	7.0040914690214	46.4234096771254
329.833333333333	78.2975497832948	62.9913781052606	93.3080634104234	16.4333080131905	3.93986020111091	34.795098467514
331.833333333333	84.8170856805306	69.0797073418448	100.203364399556	20.7255659268658	5.46474864567657	41.3020137012768
333.833333333333	81.802487489897	66.3635758484764	96.4986000239815	14.968527789323	3.3913265907448	31.8496299984154
335.833333333333	88.5149450675997	72.8144831964886	103.463558539654	15.9349796021886	3.62861981953809	34.2134718561997
337.833333333333	65.9036461495646	51.1850554068445	80.5811576297214	17.3958339289158	4.10769019287943	35.9207185245993
339.833333333333	70.5414051913832	54.5641577446626	86.9225218074528	31.1266967382311	10.7194726484913	54.9915364858743
341.833333333333	76.3185844184253	60.7220074998635	91.7604761454318	22.1362305122545	6.04846541453296	43.0397989773766
343.833333333333	76.0642810259631	60.2782767162929	92.3045198553056	29.7248292868307	9.6735930451305	53.2922022478405
345.833333333333	69.217687360796	54.2490787040982	83.7293093716675	16.7848784460184	3.95819114235944	34.9909157697742
347.833333333333	67.2117206885336	52.0106582313405	82.67185867311	22.1475599762031	5.92389540387966	43.6990416973988
349.833333333333	66.1100100387547	50.5026538955521	82.4883867981926	30.6118937554711	10.3091686263223	54.3134752969863
351.833333333333	104.981177485014	88.9464554578165	120.247728063624	16.9473161959764	4.02815740424625	36.0264684228616
353.833333333333	40.6859432082912	28.2113624866043	54.6965550699994	20.0898021070224	5.46908973025842	39.5458765692597
355.833333333333	62.5799324998702	47.8012829144508	78.2619238998592	24.8204930621058	7.30428647350782	46.5945174122075
357.833333333333	59.5894608321127	45.5986919220438	73.4987616131473	15.7653022183836	3.68258748432373	33.3128322860753
359.833333333333	61.2887911909825	47.0285370047616	76.2972768695751	18.8418751840757	4.69206447878914	38.2632813481625
361.833333333333	72.1746587522285	57.3068416406311	86.6775668036257	12.2947865408187	2.70802778074391	27.0226272727858
363.833333333333	77.3999781775998	61.4597039586756	93.5092920545689	26.219371463652	7.72893885784142	49.084862076623
365.833333333333	68.7087824580515	52.588797588261	85.6638234090488	35.2522344348162	12.8363248820026	59.6592910967623
367.833333333333	70.2489006785248	54.6485926130882	86.0254811924062	26.3098372134709	7.79790156853507	48.868913689115
369.833333333333	66.3399056299792	51.5612132972169	80.9848189477717	10.7729097507899	2.30728666792881	24.5937356220958
371.833333333333	72.0288120001332	55.7153928996395	88.8820354244858	37.5509772354659	14.5124075233438	63.012318933649
373.833333333333	69.6985089889493	53.9724670770417	85.5734931692517	26.7838364145965	8.39760763839352	49.5849164899342
375.833333333333	72.795777167809	57.6843522960353	87.3854179796616	17.4100874507711	4.23715252724442	35.9404867178871
377.833333333333	72.8230895870218	57.2880283173811	88.2055361640671	22.9986275857605	6.31251116811836	44.3382048109676
379.833333333333	81.1356509617673	65.2323138579289	96.7586207746767	23.3741201802881	6.56512729429749	45.293530171339
381.833333333333	74.710498371072	59.3963392075526	90.2244773985489	23.65344919128	6.64859490243545	45.7761249279034
383.833333333333	81.7799325497986	66.131257617065	97.6043000429572	21.2990374459856	5.54735902460492	42.6420073875915
385.833333333333	80.0295969050559	64.4029628243996	94.8499229357208	14.2774747298697	3.13372557775791	30.7076591181626
387.833333333333	71.7962049196205	56.0574206791728	87.4846395404235	24.1911636491541	6.71149805049142	46.4756558727629
389.833333333333	69.0176695301239	53.9434494951017	84.0067297545689	21.3450474249419	5.75060744845115	42.0906111675516
391.833333333333	59.1976512244989	44.7555239872227	74.091131560069	20.5393265987998	5.4475107270725	41.1064898016768
393.833333333333	63.3691389614665	48.7660597644028	77.9920661896647	18.9769571042581	4.78697531371838	38.6408341132629
395.833333333333	85.5739830638381	69.7034419491484	100.641945831264	12.2141236924333	2.62783147425791	27.3762464081966
397.833333333333	78.0482556494812	62.2903587926476	94.1224212895089	28.526092322024	9.08060363833525	51.9007569986134
399.833333333333	64.6898942344076	48.8706216527428	81.1263750275492	30.8737953426713	10.4663849505909	54.3632168481311
401.833333333333	76.3526844473396	61.1390093574196	91.2470152304983	15.2506933043276	3.53166924592837	32.6678437909395
403.833333333333	88.6586247313499	72.6730219297263	103.655448600561	13.588459563814	3.02849806470598	29.8038375264434
405.833333333333	70.8483858023381	54.8834858277461	87.6843399796068	35.3256612483006	12.9322795849703	60.3061013152339
407.833333333333	78.2109517448122	61.8181781011142	94.1254479592277	9.194995196346	1.88203905649523	21.2779904325127
409.833333333333	78.6455987367095	63.313556297832	93.4991892649766	16.6654279964008	3.89223035588805	35.0725662257985
411.833333333333	70.7282413945879	56.1281568867528	85.6040086251999	16.5374215248511	3.93118495784152	34.7488014556904
413.833333333333	63.7672296725375	48.9226557906926	78.5623837851248	21.2652795565848	5.68083529847156	42.346436530654
415.833333333333	57.5926513493251	42.7241000613352	73.3584755488211	28.1859513146748	9.11573060151143	50.7031439617055
417.833333333333	74.6929059315329	58.8263343170176	91.2556760247309	31.5856470734993	10.8214219330533	56.0122207368381
419.833333333333	81.405463524437	65.2429719303351	97.4435602490264	26.3256303840201	7.88342363517487	49.4112795426128
421.833333333333	84.2571896936569	68.509185333661	99.5197341104183	21.6386746361572	5.81961313335341	42.3501913760125
423.833333333333	58.636447582897	44.4334937464117	73.5536598939991	20.8091135147535	5.49810134440332	40.9545304446776
425.833333333333	76.998471420278	61.2905833476063	92.4691672769492	20.1670680807923	5.27468420626155	40.7068735375608
427.833333333333	82.2277340438223	66.521827284043	97.6162612781229	19.53790751778	4.9902776160885	39.5482162905893
429.833333333333	71.1845317062997	55.5281670532517	86.7052907325813	22.8515036405706	6.11284101571327	44.2383785590446
431.833333333333	71.6128281988282	55.7608846630039	88.7214552016723	35.4814089945006	13.0008482504133	60.2303880494659
433.833333333333	68.3722655493886	53.6180901348065	83.3967138773988	18.512728585449	4.54277533782506	37.9180159189816
435.833333333333	136.576190857377	118.426910748207	154.005251930891	36.4605636754207	13.4767400081503	62.3802848422397
437.833333333333	75.3445289097563	60.1760191400264	90.036509239998	14.7363377186543	3.42387052190514	31.744041187443
439.833333333333	68.0350262760374	53.3039531325926	82.9079504067654	20.7092766063135	5.38893597267725	41.4256094290612
441.833333333333	76.493115866106	61.3264837293753	91.6968540149962	19.5418197332204	4.87614685747923	39.5969178326397
443.833333333333	75.5867110561052	60.4530930188588	90.3217474712687	15.6762289612565	3.5703501528797	33.5154937775547
445.833333333333	81.558041129319	66.1173463799022	96.6332768226338	13.417825647823	2.94393027171669	29.8986073772145
447.833333333333	78.9123916964847	63.6042677228594	93.8991401744082	14.6419566640179	3.25389025391084	31.2601445414464
449.833333333333	76.5406095436399	61.2056429648413	91.4517138685685	12.1855278402629	2.62481364112225	27.153273558395
451.833333333333	51.3646627297759	37.7924331812647	65.361961700826	17.0259517701276	4.06053998008562	35.4445708845912
453.833333333333	85.8573435193059	69.9377119813617	101.121143283124	13.6373166397663	2.97230703562483	30.1301916826985
455.833333333333	73.4387329233743	58.2152878043425	88.2564800469984	16.374927732456	4.02979883323039	34.9312729051197
457.833333333333	66.5479916177648	50.0805862555304	84.0147808658506	43.6973428510609	19.4228483072435	69.9874301169524
459.833333333333	95.9350881721241	79.7074799948812	111.28545412638	18.8608237480918	4.61489066111106	38.6596434008345
461.833333333333	99.2698698053835	83.1717601227773	114.706793414498	21.178470854056	5.5395753593098	41.9586735148256
463.833333333333	86.0166828371748	70.5346623686569	101.136316824568	20.1991799716872	5.30264955013584	40.5928740442434
465.833333333333	76.0419747982462	60.367528490281	91.2806297407399	21.1104685061019	5.49311348772185	41.7134184399423
467.833333333333	94.9577538049028	78.973245485365	110.397117103408	17.2425524201311	4.15111816858002	36.0629002072457
469.833333333333	72.9807130225216	57.6832887756207	87.9370910538764	20.1944091300554	5.09443087749486	40.28459175524
471.833333333333	67.4813607608372	51.2356012870304	84.5224579610767	44.4457592121065	20.2220225722634	70.5363182038506
473.833333333333	93.9843026476577	78.0959874974127	109.51549208848	19.1799929918253	4.95633580798525	39.1586320577153
475.833333333333	77.7389006703281	62.2245188526077	92.9808670029844	21.3937280958887	5.79461060255554	42.3054400434847
477.833333333333	81.6739400250637	65.9133031816019	97.2472685801754	23.3163386700282	6.48892831943686	44.8541675312252
479.833333333333	79.3339382150712	62.867281239081	95.3217789141944	24.9994979840389	7.01382584227296	47.7925072235461
481.833333333333	105.342228346067	88.3930636400498	121.159346175114	11.7899525997762	2.5131661200982	26.1896570198573
483.833333333333	117.645465364312	100.702062282795	133.598608571017	15.042271134648	3.38393979676235	32.6613575518356
485.833333333333	113.111221019154	96.0221385006212	129.408024097323	25.935896517437	7.74880170610383	49.0883845637285
487.833333333333	113.903285393171	96.3920123233741	130.766834852539	28.6842343762121	8.82345670105896	52.8875284508859
489.833333333333	97.5132698429462	81.1114927348954	113.383447225661	20.9916865256304	5.18280644152227	41.9064493340601
491.833333333333	88.2845414492587	71.1068881440267	106.560453024742	56.2964807010291	29.4353622177866	83.9060222506725
493.833333333333	101.210316236449	83.9236036912099	118.399374734745	34.3403681241619	12.0771464737257	59.6601335955354
495.833333333333	100.52180720228	83.7484776441033	116.56277700046	23.9869832087539	6.44148640873005	46.7480978283764
497.833333333333	110.329269582247	93.7480793405205	126.390035934874	25.7776089209139	7.66807842365955	48.7849192493452
499.833333333333	98.9288136057189	81.79334558302	115.850346332728	32.1715266723868	10.5520309688351	57.0199261546613
501.833333333333	112.595125338966	95.7055407425564	128.791797075014	24.9815546041824	7.05663645559856	48.1032480297192
503.833333333333	96.2517147909968	79.5666526091706	113.001218226976	31.2545720260619	10.6604322085762	55.2895761345362
505.833333333333	94.6168136723662	76.9200293716433	112.636705144409	50.6436359908382	24.3657924384606	78.30316600022
507.833333333333	105.193282157351	88.0080046099561	121.779810965843	30.0504449744218	9.72990958312527	54.4122587267171
509.833333333333	102.260200778648	84.9598315168472	119.349376465673	34.9141104887279	12.3618219174735	60.5032962190426
511.833333333333	105.904397947071	87.9878934057271	124.106520790867	49.403301428994	22.7434362316462	77.1417003560036
513.833333333333	102.611505582035	86.2028743334446	118.534485221566	20.9150500558229	5.24111251481819	41.3303418627316
515.833333333333	102.624449058263	85.9750635483393	118.447604183557	20.9236088028857	5.34785307903354	42.0821225965092
517.833333333333	83.7526230036011	66.7308239854346	101.756731323337	53.3233316814169	27.1905024680005	80.2951679912076
519.833333333333	86.9697594873654	70.6536312690869	103.264755264509	27.9379246995529	8.4106289890499	51.4726406649206
521.833333333333	103.766396644203	86.7711075379726	120.231831972908	27.3515032171862	8.31947516466119	50.319349167411
523.833333333333	123.354351534271	106.186119137559	139.619093887385	24.602510142187	6.93022749801132	47.5335970992955
525.833333333333	92.6229815833178	75.4937150774886	109.449729079596	36.3358435598991	13.7989837691046	61.1326267015628
527.833333333333	105.577856639315	88.6651337762548	122.070124251135	26.8347187575317	8.04651613441822	50.1565696553964
529.833333333333	123.158240834662	106.517505646827	138.959502353378	19.77534603408	5.02267782386581	40.5913646012815
531.833333333333	128.428238265157	110.401940479286	146.535044028591	42.2519889018252	17.468849783743	69.1933805638464
533.833333333333	143.769671741628	126.244734593771	160.072974143927	22.9895781909292	6.32961269623271	44.9189215889125
535.833333333333	118.288443781867	101.029488566185	135.082168247153	27.6927939927989	8.34280860476733	51.2172722645421
537.833333333333	99.774383580205	82.3705502942093	117.359613065549	44.5240713268933	19.4147151180138	71.0383094399861
539.833333333333	119.956115425624	102.616483897481	136.665377922587	28.5853461189476	8.77819478107209	52.6742481269641
541.833333333333	108.632391173053	92.0351340047664	124.064930353667	17.1550961731481	4.01371022817485	36.4549674195658
543.833333333333	137.407926090051	119.85943004169	153.914035927494	23.220463919349	6.34707833572051	45.7641931145246
545.833333333333	100.714565896216	84.1719646013209	116.497858443302	20.9717391580572	5.58064940743969	42.0473401233621
547.833333333333	114.576257244329	97.0974915921677	131.298335009771	25.7208689767443	7.05387935584436	48.9649234377223
549.833333333333	28.1045880910326	18.3686622320604	39.2141666133682	10.1669501135717	2.09022355130866	23.5896317505249
551.833333333333	98.7110974177721	81.6678939202352	115.740634920823	35.3983484551953	13.0539317127817	60.5422332328964
553.833333333333	72.6702183314491	56.9721584046587	88.5300997004023	29.3612336908615	9.53048533975073	53.4523420421779
587.833333333333	67.7328286120381	51.3870697307319	85.6552907662555	62.306663763805	35.2151783829726	89.521430950128
589.833333333333	83.5972193899407	66.7299604189617	100.649316668105	36.276746090398	13.6326821639051	61.9710584717336
591.833333333333	86.2320869713948	69.1266529640433	103.659374668007	43.3208739948633	18.4153377256993	69.7660010018718
593.833333333333	105.622658675286	88.5749727570953	122.531813196251	30.9967145713437	10.1178175230898	55.404678647508
595.833333333333	120.133535104422	103.313977430017	135.819215146311	16.8505754311161	4.02496349394621	35.3874935991687
597.833333333333	102.098343493961	85.148946919765	118.260729778396	11.107963148611	2.34334750560606	25.35558416953
599.833333333333	107.317286402794	89.774677493699	124.93077992825	39.8362297858406	15.7748383365054	66.3198868724529
601.833333333333	109.878051534189	92.4388764775832	127.163148171823	39.3157954074907	15.4943153665341	65.4878645144628
603.833333333333	98.7302282968666	82.0138396844369	115.18072941413	28.2674301021972	8.71395706885106	51.9530916025456
605.833333333333	113.946720513677	96.8163984922888	130.119486299695	22.3651446711329	5.94356586001477	44.1667847185127
607.833333333333	113.544693408844	96.6462825128082	129.695642582613	21.5922800726691	5.57426044046651	43.0336230590809
609.833333333333	83.8318478064602	67.395654071307	100.74644355401	36.6903621645892	13.7972251366191	61.7500565025763
611.833333333333	105.303707159104	88.114463028775	122.000687098593	29.8232870096529	9.40376416061748	54.0604424890924
613.833333333333	104.497821052569	86.8182451570258	121.813635254824	39.5855135146779	15.7251427862699	66.1842203750819
615.833333333333	79.9923869315089	63.2718316828926	97.9791614132562	46.8340502088225	21.1249540345055	73.0918301144647
617.833333333333	142.588848187687	125.216761949861	158.660951671001	18.6509484314003	4.5387389401609	38.6224501711383
619.833333333333	90.7328978587968	73.9965112875279	107.233266559634	30.1409521803587	9.99138215482354	54.2441575658804
621.833333333333	99.2396229897242	83.189663624475	114.844100524179	19.3752075696863	4.94563481243225	39.0780083727096
623.833333333333	92.7415897652944	75.6952312962689	109.725300809	35.3607065155807	13.0721981091046	60.8421400426138
625.833333333333	98.6839094295355	81.9628412126886	114.66441001958	25.416663113833	7.34861307055877	48.037424479827
627.833333333333	89.4602298048505	72.9453278785757	105.790947209327	29.0004633341608	9.07289386604219	52.9457241160467
629.833333333333	84.4714701180226	68.0661190615415	100.95566238409	32.6055025806553	11.1769527692822	56.7305718605579
631.833333333333	106.068050770171	87.8212748179416	124.282230543992	53.0086661901626	26.4717470680588	80.8667268434362
633.833333333333	92.9150739150141	75.6397005876541	110.63791824997	44.2925516308015	19.1768049173418	71.1984394628692
