"time"	"s.est"	"s.lower"	"s.upper"	"v.est"	"v.lower"	"v.upper"
0	11.6420780887497	1.33392025993828	29.1260554857646	21988.2694776633	21962.8854717881	22010.9807732282
0.5	11.9442430816735	1.46379433333925	29.0047797945982	19988.0084718366	19963.2545437572	20010.7070680102
1	11.9259279828185	1.45814878696069	29.3729177015336	9988.07460065062	9962.55416651452	10010.7193391769
1.5	12.0793871492129	1.48059671478424	29.1712123701722	2587.89077095695	2563.142886751	2610.46881664597
2	14.46975272836	2.03449226768062	33.226188497647	2085.45522390647	2059.18647286191	2108.98425167248
2.5	13.7923092941167	1.82216024286271	32.0670212572026	1886.20077998832	1860.1222519216	1909.44814885793
3	20.017914407142	3.58838623217505	41.346225424248	3079.9699745928	3051.68341881248	3105.98772614148
3.5	23.9707913608669	5.02678082787342	46.3884052648496	1975.94961981819	1946.62239344267	2003.26348701619
4	29.6220991055478	8.2516351809698	53.2859322302732	1170.30125152101	1139.43040636736	1199.16056598736
4.5	26.7054519639317	6.27520914233857	49.8713462712207	1373.28408350263	1343.29597506515	1401.29981441047
5	48.4821522297843	24.1294516768232	73.261121493913	841.418340366081	809.823052294469	872.70568077954
5.5	43.6012997325231	19.0145796510281	68.0399034139202	786.350535963416	755.483858823119	817.373819008107
6	36.490385134405	13.6602199495529	60.6202693348991	593.397873539375	562.338802464549	622.680061609502
6.5	45.6901228768111	21.6598469437287	70.3957442077986	504.192646908631	473.016038125466	534.820935923643
7	39.3924673977204	15.9450996140288	63.7471797602066	390.338764777268	359.30702233601	420.280331206739
7.5	44.7436729712342	20.6132314641646	69.5496316284766	355.212502379113	324.488290029228	385.662311130978
8	51.1957267983818	26.4946264607968	75.516252286254	278.658794833612	247.67372341919	309.462330543023
8.5	75.649437499335	49.8882075417676	100.70116266657	143.901504493302	112.058277005676	175.883073739047
9	67.6237227440973	41.5939984541588	93.0541643659318	70.4542830918906	38.2870338530683	102.856198871152
10	76.9855219895908	60.935476755382	93.0899386012998	20.7905164769629	5.91532156490002	40.1723941416127
11	87.1350943032057	70.809529876382	102.870033229998	19.0330382505955	5.32079272036714	37.6094486650897
12	87.9135036675963	71.1971678307127	104.356581875752	22.0098472417757	6.62247958380888	42.2348422492628
12.5	118.295063767807	98.2986228967317	137.578704058637	31.1693240369772	10.6445738853041	55.1064921908321
13	89.2418310973127	72.3441272768346	105.727138419318	21.333608639244	6.14553580325875	41.3892245709754
13.5	126.959627154478	106.307897218509	147.035179265887	37.2089304479752	14.6359887173271	62.8945382687587
14	113.767406517886	94.9303787413434	131.736432003686	27.6234610122971	9.02402730754926	50.2614343415359
14.5	112.613084402877	94.0187623977159	130.397973303427	25.0651208249559	7.76678104363773	47.0006584094917
15	106.579780632902	87.6610286606243	125.077698670476	31.0110983775435	10.9870356987574	54.5678532463683
15.5	119.520835649897	100.958738794971	137.914122804596	25.1097632327426	7.62854793397255	47.2923783372192
16	127.115410776113	107.150961081688	145.842967554167	30.5532572585151	10.6816598638492	54.558473581814
16.5	112.932198224968	92.9518118764402	133.000196784441	40.7369885128856	17.0290851776431	66.4409113533497
17	112.612369100671	91.9309831160318	133.678908533866	57.0246116151247	30.3339975532641	83.7874747431809
17.5	104.877103395369	85.6394434979614	124.319036600149	36.2449797795154	14.3187509543952	60.9490354896348
18	116.969428125712	96.314473908954	137.518965459849	57.7854186487541	31.6977180522503	84.4209064710216
19	129.893683920043	108.030846371482	152.494224924418	95.2985125161112	65.7442992778881	123.974175935868
20	130.094294085438	108.394306243076	152.514911170506	95.1058268640831	65.9926386715065	122.99139775796
21	145.660853763308	124.039496306944	167.324349122324	50.6979681908245	24.4802794514628	77.8385283921728
22	101.61415706204	80.5814625938262	124.017625583122	103.403892593155	74.3518775531289	131.107710329723
23	105.569668073863	85.322318916981	125.751017812753	43.3553966507191	19.0089447920245	68.8749103744484
25	113.830466927632	93.5397212224058	134.413594055816	45.1148851785717	20.4501563287719	70.6470203189021
26	129.199956004974	107.79725875263	150.802831792585	61.2213704979291	33.98975047239	88.3406214301985
27	128.281089252544	107.026901001817	149.516431214697	53.7598206912334	27.4640461463386	80.921818391966
28	143.536850014112	121.277742429346	166.182670991644	70.4619853436577	42.0702707271092	98.7746060670947
29	108.866191288082	89.2149292840041	128.112557026635	40.5789038659208	17.4576367400965	65.3564067670849
31	129.648473602776	108.411884762855	152.12056624734	58.9879077438139	31.9086690887948	86.5457731813475
33	123.141261263068	103.366413970772	141.711211395451	27.5369288714371	8.70827814847144	50.7296002789308
35	139.178229116054	118.34129810983	159.585166433447	40.3444715974559	16.6994711305926	66.4145973697447
37	144.574072885041	122.995978293524	165.476156578272	43.5964129113951	18.9708505546826	70.172614945676
39	137.977400819064	118.635364949672	155.849974822104	24.7684311024749	7.53623737461185	46.7758925978082
41	124.484356700299	104.148320764927	144.073887880094	35.1622367492145	12.963737673943	60.4838199325255
43	129.222245259398	107.752579236856	150.901625489259	49.1622317068641	23.188701395915	76.0922240243486
45	148.705534567902	127.803539859435	168.606437396149	33.2656445908032	11.8346772065485	58.1680538919641
47	130.592042722684	109.767109065324	151.397935176199	46.0732583302089	21.2523639815212	72.0730654858102
49	153.426199780886	133.499104938255	171.286692462474	22.565865883761	6.42086092461861	44.5233546852419
51	102.843088708156	82.5121392427502	123.767952181326	55.9416917666197	29.8321286016956	82.5442668645198
53	124.257408403935	103.081210449588	145.504268222534	55.5571963005649	29.3562426020051	82.4784489150402
55	119.042598404499	99.2085380529769	138.196277144017	32.157050295266	11.4728503880052	56.6136489758006
57	139.919502791013	122.34986822331	156.845771171709	14.7529110257169	3.57711372668817	31.3820396000425
59	147.286528842252	127.154289496519	165.741258012027	24.4691201945438	7.0765511843342	47.0293816342413
61	131.574014277881	110.44514601273	152.059811465041	41.0365522284399	16.8821118478272	67.7779605780647
63	112.48989058395	92.3718559609115	132.548454862833	40.889472566478	17.0111106307972	66.4473568373884
65	116.299560470404	96.5804453828978	135.567865498822	35.1681360473716	13.5346154178533	59.668095025317
67	121.340142303061	100.751275721852	142.320438608659	46.3597712262459	21.0239649784203	73.3818399411949
69	127.543498933804	108.92840659982	145.164429803301	24.9491270808197	7.62803759816006	46.3972734316553
71	133.777300988643	113.459488336659	153.187058103226	33.1783772778515	11.9283028085775	57.8506634029492
73	125.536805435323	105.781038151821	144.394059263845	29.6404814579757	9.81455204696255	53.846418679736
75	121.104022168162	101.515193362636	139.59693371528	28.9545406136722	9.62044261071203	52.5076565604893
77	135.205114995505	114.564395575068	155.026437096657	35.2116679412109	13.5543373253414	60.107354454066
79	114.400440409202	95.0596249384423	132.811727377395	30.3727523645331	10.5531882329929	53.8507123432
81	133.917189318111	112.788214343239	153.842862847147	37.2184419620507	14.6370285783793	63.5694217268156
83	102.550729391136	81.763151018886	124.196893634275	69.4251322904423	41.446585178122	96.4230892249529
85	117.35544853963	97.0820005091493	136.565122111143	35.0582351795065	13.5801095575845	59.8160506718683
87	148.908904698944	127.679342392107	169.384466838208	40.5550470371523	17.0583974327233	66.5093303784157
89	109.321193864914	89.6057900886591	129.485555431356	40.3198971077487	16.9164293381739	65.8959256853953
91	147.973343598288	129.72830230222	165.34080668888	15.3311648685835	3.77139728441411	32.7401359169946
93	110.39368707315	92.8641296177595	126.961628896893	16.7215869162712	4.27229063023515	34.568685406692
95	138.147773561536	120.589268341969	155.459984963517	14.2471022348408	3.46523114574441	30.7475466156704
97	111.864780871633	94.5771567623295	128.655798729166	14.3961218666361	3.45476250086955	30.8753189761587
99	130.029370806336	112.390654241828	147.162097628377	14.746964104174	3.55297482489359	32.2270757414855
101	128.856600626152	108.146603059343	149.136307874913	38.939852389538	15.8689059520438	65.2246165122012
103	140.586731951591	120.593978934058	159.590045401553	30.2362904691216	10.2321564057416	54.3953562335544
105	140.679353166819	121.46025567712	158.669238925332	23.0825018561382	6.70209772132003	44.3808802168273
107	108.833264313227	89.2292505769466	128.340769433999	35.612492386034	13.2635188447476	59.8864278528001
109	125.007016006965	106.100962101154	142.603977323606	24.1248711375635	7.1988423647969	45.9748397653844
111	128.012040728141	107.722532180231	147.881468120617	37.107504543134	14.4558098228793	62.2248779862038
113	114.953815618813	94.6512294631067	135.22793494172	42.271670467481	18.2488470141377	67.9980136658878
115	128.558467992181	109.50399396916	147.010156722991	24.4249335082995	7.17503085240929	46.7732782116503
117	99.4118845497797	79.8715842258275	119.795513607768	49.8520604091235	25.2842216190647	75.3980453630766
119	122.690552946765	101.462853163118	143.493047555898	53.2965328021199	27.4264077353481	80.4378370155011
121	112.128534275307	91.9782522892761	132.762096669446	46.6083060696942	21.5749189339984	72.7372816055238
123	110.134298630803	93.1321185643994	126.746800415884	15.9668549903247	3.9950525882368	33.5887939672139
125	116.36744406845	97.0469614481594	134.80877904847	28.8686644849403	9.45137027326595	52.1267612492398
127	129.271266068002	108.80073339651	148.602426856394	34.3520043100913	12.7350311463556	59.4356417766556
129	118.75348256858	98.4537610595215	139.039192458736	43.3635025158428	18.7380784302449	69.0361337313916
131	114.499196939361	94.4100841411638	133.871510524368	36.6143196996747	14.3205547648771	61.6328535049522
133	113.522823844686	92.8023849710715	134.729275681741	48.9873272500089	23.1418766019668	75.6690577182455
135	112.009634434432	92.8397237157208	130.918804590234	32.8616010378537	11.5673571449986	56.2455190566256
137	114.950652020646	96.1689880608481	132.551208418405	26.1689363440906	8.28584907109588	48.2553175669238
139	104.457977876193	84.0782178536771	125.324702606314	51.7164190729508	26.0604109245798	78.2430022421458
141	99.9443409958987	81.8723844893221	117.478997167685	25.449533094598	7.82055623398463	47.4424936655423
143	113.816041568036	95.8161022194398	130.743577649552	18.7950530627678	4.96099636586495	38.2806668607036
145	124.897863511172	107.2640365267	142.140925219944	13.1950074159355	3.03860837930616	28.9000533465359
147	128.971609354721	109.16038192112	148.090337462336	32.9599076293252	11.7385175134355	57.6567055494937
149	115.05340534625	94.8587975287181	135.260097537956	39.6192063131505	16.1610477248183	65.3458057476728
151	113.246339235307	92.4504388805919	133.992454898686	51.0604090635992	25.0690802314607	77.6786341379105
153	132.320406260839	111.940005654706	151.858354310726	33.4722141918108	12.2725300918562	57.9508032829372
155	159.612464960564	137.319038925708	181.26772935282	51.5584762040635	25.492696169578	79.2139160827118
157	122.197449824905	101.827685329307	143.177717695923	42.8998514780674	18.2805027479002	68.8015313898126
159	121.187771025303	101.480032386617	140.33288530676	31.337585887104	10.8442297816515	55.4604557356438
161	110.767691392904	91.0537827362627	130.478964487133	41.5992816393911	18.0042862769846	67.4600047560668
163	123.311742446504	105.068836933549	140.713245137297	20.1741842920388	5.59357364323181	40.0768044717298
165	105.103124045176	85.6807057460038	124.339065629061	37.8047181512671	15.2634682679485	62.8469204948827
167	137.065304890534	116.119312409157	157.35277903776	39.492978145398	16.3096543879427	65.3821696064595
169	110.585195013885	90.0299008678538	130.902078978148	48.9473717196713	23.6613228841447	75.0506476248198
171	119.592620900423	98.6531418058543	140.224610630525	41.7147760370361	17.7340168416975	68.2287796036171
173	111.607287780304	92.5563511033289	130.877865648959	32.5402665546504	11.5919804210753	56.7211127807882
175	106.25660290251	85.9768065931347	126.851166149681	46.3619609102155	21.5569505722748	72.6556626910417
177	100.676893338357	81.0548898013059	119.865523755505	34.9891548041549	13.0001002344291	59.5689152245555
179	92.1475071268993	73.7953919195469	110.159327901613	30.3779146387108	10.7524223169045	53.3839947247641
181	126.071716121034	106.744234488739	144.494608016877	26.3625055132746	8.01403966616574	48.6745361262509
183	115.607173111479	95.4972126146115	135.503135039777	41.7173057940941	18.0629905415429	67.3472537514905
186.833333333333	114.390808661524	95.8163602391531	132.075286519892	23.2195461797602	6.9090988078488	44.4216190940046
188.833333333333	88.8664226705137	72.9465856116568	104.623517663349	16.1223586551839	4.060892075626	33.5339776983278
190.833333333333	123.616532297397	103.054898345655	142.864581831109	32.6766502530175	11.4279974667033	57.7129954800802
192.833333333333	111.64628620043	90.809063527865	132.479305905168	57.0143162334154	30.6565652283662	84.4007411045781
194.833333333333	124.771890448131	103.030279038946	146.938171258861	60.8216810340855	33.2543144423985	89.1387506489105
196.833333333333	108.754245104831	88.2142291536486	129.845564455813	50.4320167100917	24.5552788401873	77.2727864398617
198.833333333333	81.8405283049041	66.0986614768157	97.1895868379544	17.022851802898	4.49197633245462	34.6718730441114
200.833333333333	119.252089603439	99.0118395998434	139.583825876793	41.2651602353277	17.4279109032952	67.2215298987298
202.833333333333	160.329908403996	138.942690832914	180.288161990019	33.5516149208921	12.1235137665087	59.1554900709183
204.833333333333	120.218445300641	101.58155162913	137.519532635537	20.2793051749323	5.48496920431358	40.8526249177013
206.833333333333	105.330199606374	87.2669577907698	122.375276878764	20.1487855341783	5.47968731206506	40.4624550219563
208.833333333333	112.55334647247	91.7015073138764	133.538967292473	57.2046746692423	30.7755099305676	84.1929254575371
210.833333333333	123.452637081262	103.885643565972	142.430175142488	30.9562102170799	10.5644663684504	54.7612429888856
212.833333333333	112.583751374768	92.6109325274583	132.760182836109	39.9896981655248	16.7607701366297	65.3076705509259
215.833333333333	97.894992515979	78.0036887142279	118.179495559539	50.3561186189808	25.2716892621728	76.2008216328278
217.833333333333	107.147316088596	86.2190965722479	128.737870039846	54.8341855061782	28.7567327561966	81.941208228906
219.833333333333	109.342831626991	89.1113185773417	129.738883135311	45.6057839545668	20.9198251012607	71.829350711903
221.833333333333	103.793437375849	84.1829882435412	123.330703978971	38.9490336780411	15.9981823956294	64.3590123026092
223.833333333333	97.1775087387352	79.0542141065134	114.731576410704	26.7030338995775	8.50320751943126	49.1066343730075
225.833333333333	114.241424675118	93.3604772073162	135.032337016542	52.8974153973333	27.2859743426276	79.7896358091748
227.833333333333	107.078353760987	88.5685818910768	124.702074528222	26.7652040196016	8.52548498159427	49.1589311801521
229.833333333333	96.1245714765463	78.452063509732	113.570129422224	24.6062710220648	7.29319103257966	46.5757229110801
231.833333333333	106.465662519944	88.8209057495481	123.31054727909	20.0173133047351	5.47271447695541	39.932200937558
233.833333333333	108.746798087603	89.7150880860147	127.718194162315	33.2127475785261	12.3888700232729	57.0283596230678
235.833333333333	104.488521741322	87.375997200311	120.804074837157	17.6917690942135	4.59472368816427	36.6947066367716
237.833333333333	116.533269652113	98.5581843159639	133.85151915745	19.991324325683	5.34775219998778	40.0437931568353
239.833333333333	95.0785965576761	77.4380663961145	112.445024103955	26.1079158170633	8.47437695156752	47.7980766878842
241.833333333333	88.6413338710858	70.9382751257796	105.975126874068	27.0336720339852	9.00041864484209	49.1689907434565
243.833333333333	112.566116975893	94.920671923256	129.430236758625	20.5587221594129	5.66540971393772	40.6242973479363
245.833333333333	101.604851052259	82.3575722863623	120.715402583049	34.9280854595397	13.466944563865	59.3646479994162
247.833333333333	135.213316219915	115.818939490771	153.382122465285	24.094435816334	7.1423560188227	45.7514803962992
249.833333333333	110.260147698973	89.808369327915	130.877171820128	52.8623323349756	27.3485634346731	79.216942750029
251.833333333333	106.114250503106	86.0690646074199	126.379782924537	43.1498009310942	19.1094031703636	69.0922128367662
253.833333333333	112.482388885619	94.5911735882239	129.607059936213	20.104756761954	5.32050299451242	40.153336256452
255.833333333333	105.880525141941	87.340533066215	124.016461047795	30.6988355401941	10.9199922359087	53.8587297927174
257.833333333333	124.442207097733	102.94786094652	145.233367253986	52.5739975259285	27.2439427220888	80.0374813200911
259.833333333333	127.010289724307	105.67326761366	147.809177457769	45.8797994572973	21.0238795897578	72.3010622006969
261.833333333333	133.391502812545	114.266665700723	151.141033527477	23.902058299749	6.95326345064021	45.5632233066644
263.833333333333	120.255432774597	101.65203965919	138.085238416713	24.546840311982	7.45550452020309	46.4172712187881
265.833333333333	104.014651120521	84.7632483243315	122.322402709615	29.9474289848142	10.1581749377476	53.4878347057341
267.833333333333	116.278524218154	96.2463595785491	136.05102504099	35.2387967464025	13.2847260029489	59.8954286224474
269.833333333333	106.875765809005	87.5785508674148	125.519674057023	33.9258632464316	12.8798740586378	57.3752840728333
271.833333333333	86.0406227900951	69.2524993189135	102.912795591051	22.753926804315	6.54539694399643	43.3978300072386
273.833333333333	117.721268112255	99.3669406537545	134.862570445419	22.3583210101243	6.38236861978898	43.2921661836858
275.833333333333	132.333480013504	111.36781413021	151.458712140898	32.0048545488652	11.2836861062806	56.8029231613359
277.833333333333	104.31464615086	85.5983169846012	122.646439283263	27.9623042531264	9.12174582399317	50.7097418610713
279.833333333333	115.475220417275	96.6155069896216	133.243430526345	23.8020753721828	7.09747321977969	45.6836073636513
281.833333333333	104.743651735153	84.396162144533	125.446286367117	60.8669697551473	34.3217900058112	88.3325451485331
283.833333333333	106.453387682057	87.5890224814558	124.816379481796	28.7538320532667	9.47185792716581	51.6181525722793
285.833333333333	120.352965517398	100.001722624689	139.934436705127	39.2573034959875	16.0833891118128	64.9602466854646
287.833333333333	132.614991742513	113.195337967054	150.317572333423	22.3089321173978	6.44099232525783	43.1915319337726
289.833333333333	108.517221633493	88.4411129361017	128.427306182818	46.8901597944039	22.5809689492015	73.2913438242931
291.833333333333	123.354285499442	103.356188810939	141.964597868989	29.6444807680306	10.3135397856952	53.1704251742234
293.833333333333	106.439385966559	86.5165668147625	126.00739610226	40.9157769015098	17.8357186077204	66.5710276476312
295.833333333333	106.401590193955	86.0873224095676	126.419836972493	41.0784013834405	17.4445430485006	66.665472473063
297.833333333333	128.097590595979	107.894597993758	147.943040725134	37.8041182881191	14.8212644584792	63.3160514301551
299.833333333333	114.890882957646	95.1296270854273	134.365036555443	39.7886944356543	16.9802484297434	64.1361868229122
301.833333333333	123.109673779273	105.541497620786	139.95067081536	15.9586699965925	3.97934206616433	33.2372752474941
303.833333333333	131.604986874678	111.484035838865	151.287680896713	34.1522077989337	12.5499268083696	58.5837076193697
305.833333333333	130.382338582291	110.27244390567	149.56834888413	30.3109401486798	10.3010632244904	53.9608601765403
307.833333333333	96.7840076852488	79.5041849938459	113.574494816266	20.9702071385821	6.01256790118266	40.7241287597252
309.833333333333	110.734215097663	91.4336581345995	129.768988672266	31.6232098718401	10.9227763594542	55.7700788070263
311.833333333333	81.7514600716997	63.522376508903	101.326616073787	40.7323727026556	17.3638686378291	65.1451221178047
313.833333333333	99.0489025113565	81.611674925545	116.170641540635	23.2844561218619	6.79385260762574	43.8952907364339
315.833333333333	106.602926012101	87.7370698256516	125.054199537359	31.7978017225809	11.1817185806281	55.0571294824196
317.833333333333	125.294370098167	105.688687881229	144.129383283858	28.9502438696686	9.32425840696654	52.1224590799907
319.833333333333	94.3145890660461	74.991538076632	114.257917141537	47.1613794813617	22.6688957470902	72.6978523095653
321.833333333333	103.117201621107	84.7290270409071	120.496134958336	24.6424307780819	7.44536201997459	46.4549240404286
323.833333333333	105.855997165625	86.7743985096645	124.402129326006	30.7295464843452	10.600710207731	54.6395800617188
325.833333333333	114.938116270897	96.4232890844766	132.553452617748	23.4455260890146	6.83489430097368	44.7658383664862
327.833333333333	113.858292693836	93.1850951793136	135.243073237629	51.4888952827435	25.657005344201	78.3188154160049
329.833333333333	106.481133261396	86.8903640820065	125.223677717852	32.5046769645849	11.6660989936097	56.4985243370183
331.833333333333	108.597071090704	88.2793016188587	128.963833668719	44.3534227896126	19.6366053411895	70.3504263589502
333.833333333333	114.981383774676	97.7680278681434	131.524801524886	16.5612636422464	4.26985130870868	34.2537277365
335.833333333333	122.171024219127	104.109940810158	139.354673519239	19.6291159010875	5.34595387307124	39.2358340986227
337.833333333333	91.0834606265488	73.9579696567665	107.360053141817	19.4825889569052	5.42904810403687	38.9440098582163
339.833333333333	120.917667285753	101.716564964094	138.839412078739	26.8987939907318	8.47297319926454	49.7686121295193
341.833333333333	102.498276849116	85.4518852129444	119.187763844331	21.2377326788068	6.1459907410279	41.6097367041984
343.833333333333	105.737544839805	87.8936184401072	123.004135041296	22.2192564696557	6.38624777871502	43.3737109676917
345.833333333333	111.739764968467	94.2306509002132	128.616227804248	19.8200724273414	5.41547884347108	39.6582761410165
347.833333333333	103.250316237264	85.9311690133574	120.192976484207	20.0633054601982	5.40880918988734	39.6337811941921
349.833333333333	112.456063453734	93.0135483500902	131.117991996056	31.0464465312258	10.9037548629522	54.9455549842524
351.833333333333	127.362319369667	108.598126151335	144.682790627716	20.1397893116054	5.45981225927497	40.4728797344632
353.833333333333	71.720266652925	56.4850332618756	86.8436723733261	16.9504161955071	4.34138977778223	34.7195873260326
355.833333333333	121.425862871888	103.03837858143	138.786989073	21.2383715951845	5.93199137175383	42.2649824410331
357.833333333333	112.568262325117	94.1526035282496	129.895075808195	23.8414407040603	6.95988927775651	45.5056969823228
359.833333333333	99.8540900502123	81.0723166166792	118.303370514164	29.9905001091218	10.3159614930249	53.4790332416175
361.833333333333	96.1123050221466	76.7612104401659	115.996418694662	46.6143835959679	21.8424318386595	72.4736128608367
363.833333333333	105.144999500903	86.5427480657644	123.140480395652	26.0296531236381	8.02870390026364	47.707114545142
365.833333333333	111.921669070851	93.0426052874221	130.0589578158	24.7441703893295	7.46058213734599	46.9816791915533
367.833333333333	117.337264348651	100.174964774712	134.264281947611	14.5375513829208	3.53262714146509	30.556516567253
369.833333333333	89.4968332625076	71.5225895039418	107.281205004399	27.8655076178699	9.26495833090615	49.9841867612027
371.833333333333	110.65733588585	90.8174672805803	130.592056452228	40.8139302441041	17.2225272306183	65.9940762114317
373.833333333333	119.558231308815	101.419099086283	137.163122318773	21.7474292461088	6.21652174972877	42.1840828333471
375.833333333333	125.17446300032	105.019694603009	144.109052841589	31.3019078919156	10.886816092736	55.5318518353982
377.833333333333	104.149901658733	84.2157139942431	124.016806263107	41.2840926630239	17.9329019359475	66.8709945859223
379.833333333333	107.480199332169	88.4888536917422	125.271083540155	26.5202264851606	8.48664016376925	49.4511770373471
381.833333333333	104.171232881233	84.8927514342802	123.554886992703	36.1537517708037	13.8223186495564	60.7804228370508
383.833333333333	126.009919511418	105.53929298269	145.602369260434	33.8479665927626	12.4092956099541	58.3537614636851
385.833333333333	126.271237166614	107.079890703909	144.317350137014	23.2750718686249	6.72386126351266	44.9644370957895
387.833333333333	118.101040071373	98.9919701333292	136.480669273916	27.5662676850364	8.80096308754446	50.5658913168612
389.833333333333	116.795064063205	98.426774977257	134.266234399775	22.2915328201678	6.38375630182633	43.105518601397
391.833333333333	92.237270846139	75.8306931554031	108.42201192299	18.8802983226662	5.1410125516245	37.4246936265382
393.833333333333	111.753245320486	93.4289488630629	128.985567285651	22.27777898968	6.32992170877169	43.3544419582303
395.833333333333	124.729366254115	106.214812878404	141.827480002236	19.2910482679408	5.21620138256138	39.402072237366
397.833333333333	109.836641826041	89.6541804932576	130.050249839443	41.4490808871986	17.5839387710403	67.5675753930608
399.833333333333	118.657846438406	99.5886210000658	136.409360054769	25.058216531972	7.54135329629757	47.0123911175962
401.833333333333	134.987759636063	117.164027519721	152.170049127411	15.2523687121107	3.66779929124673	32.7265532376932
403.833333333333	118.632606834038	98.9365538168478	137.538792651682	30.948533227476	11.0411684815122	55.0421789146929
405.833333333333	101.828687068144	83.2101631936376	119.652037363797	27.6381122711205	9.15727384880679	50.6411794910514
407.833333333333	84.8160697613006	66.3667029851076	103.810419660294	46.7858056056443	22.5587944131234	71.2153817408432
409.833333333333	96.8560739186335	79.8943788583734	113.190506896578	19.6721788436186	5.51629954420211	39.020026116226
411.833333333333	115.670305876958	98.2836860225899	132.6103359728	17.0908601339672	4.353455715069	35.3846544117016
413.833333333333	111.458539554657	90.8439755446809	131.871792005274	49.8501087045238	24.5308667105756	76.2735314081947
415.833333333333	106.310705752959	86.8914404096512	125.448532084256	35.8808984356412	14.1431390384732	59.5968814965375
417.833333333333	122.659921370986	102.002388143381	143.29696320712	47.0425781465177	21.769239398933	73.5574549470561
419.833333333333	129.005202421292	110.53882228121	145.964080535202	18.5550798965206	4.91214423506018	38.017622611474
421.833333333333	134.184977625068	114.352764497737	152.624062619262	26.0861535717023	7.99597210894092	48.8522319764932
423.833333333333	119.331867594037	100.021228322514	137.737256333445	27.2903720697203	8.94075466647481	49.9217182528159
425.833333333333	129.943096748478	109.340242370293	150.164999393834	39.8129074463946	16.0904130378539	65.5290346696759
427.833333333333	144.935827974711	125.218964304362	163.087065288929	24.2037243865297	7.25621179947221	46.1649451776256
429.833333333333	123.115590525412	104.159997294333	141.267510285878	26.133864529386	8.1474742845851	48.3715981516684
431.833333333333	112.96392089741	92.8208731697119	132.462987000134	37.0937921827763	14.581153588812	61.8750379998879
433.833333333333	131.349117634883	112.080956546447	149.004200644262	24.4701774566384	7.50823243563603	46.3890576394578
435.833333333333	168.197561265522	147.102826041771	187.695701764211	31.3800251590874	10.6949836554412	56.5932319791789
437.833333333333	144.866387962905	124.103146974946	164.131899094988	29.1382876957201	9.39368863533753	53.6221543313874
439.833333333333	115.29718557204	94.7369783341675	135.936404163949	48.9253880158178	23.5566589986723	75.0947914440875
441.833333333333	120.325483211416	100.757356923715	139.403735332341	32.0400443907984	11.3755425286434	56.320796697908
443.833333333333	135.517468403082	115.413217737384	154.839455072437	31.8229518996571	11.1533292685953	55.6463082905663
445.833333333333	121.953835865696	100.592200190397	143.624545042903	53.9730212076615	27.4901342855326	80.735335285585
447.833333333333	145.912626124418	126.512574628303	163.500793290326	21.5149662251594	5.97809625799547	42.4417590441317
449.833333333333	136.331265423431	118.24314571292	153.672448225315	15.4686325598217	3.79575540062895	33.0417395427558
451.833333333333	112.373109986343	91.7499561284913	133.320222982642	50.0366053542384	24.3414680485445	76.4833404294978
453.833333333333	121.865435990837	103.840740487924	138.73085161204	18.6719354725123	5.09707754859042	38.1925615739542
455.833333333333	133.820376748853	113.49577485762	152.892221175289	31.5893951427855	11.0633900175425	55.7242653347085
457.833333333333	121.976334847027	102.879092339107	140.675141213054	29.1719272424336	9.47271516325801	52.2870298620444
459.833333333333	139.00345962075	120.452010119196	156.362944958884	19.7946457168341	5.4915009292834	39.5985807706625
461.833333333333	156.093471959157	135.4038297086	175.639100281601	32.1496366738062	11.4818500106469	57.1239342041006
463.833333333333	156.018122725142	134.901462819864	175.683373744507	30.7296009430155	10.1400358884809	55.4937953050286
465.833333333333	130.849073952092	110.004082953601	152.081788870294	45.0361881517948	19.9445494094696	70.9110852515189
467.833333333333	126.923339691677	107.25853175541	145.167594846642	26.9774720130665	8.39407704155179	49.8388985944581
469.833333333333	105.709489158592	86.3575065443744	124.167432389139	31.5933625637421	11.2816211019195	55.747396713552
471.833333333333	114.243712780044	93.2548764389594	135.113173381138	59.3204024905246	32.9214252448813	86.8765383370249
473.833333333333	121.080227179594	100.332891272048	142.075749033029	47.540315725554	22.1415777271996	74.1537421939924
475.833333333333	135.191061190257	114.833398874642	155.569752730949	37.771140259164	14.8130467403427	63.097460452157
477.833333333333	133.153345634591	113.501923948315	151.288799375358	25.4321107639817	7.46256763779889	48.0208231228903
479.833333333333	140.46548961487	120.123287839748	160.090997761019	35.922572327776	13.7168388102235	61.2041602301582
481.833333333333	92.4780790327015	75.4500910883766	109.305795214764	20.6348572062685	5.61260813090411	40.440937538306
483.833333333333	98.521213368377	81.6372306341281	115.25910932473	18.8538621341732	5.11718484094722	37.8628214823108
485.833333333333	94.4551319251052	74.438126987917	115.304834545545	61.8274958800623	35.2588428382233	88.7825006759348
487.833333333333	99.1118269903019	79.6866279488814	119.016104516476	49.264135217176	24.4507647351916	74.6236958441829
489.833333333333	119.468072747429	100.081439267942	138.281058878685	30.9966245211241	10.4625995446365	55.0989112410473
491.833333333333	108.638331143932	87.8953849323917	129.618721089979	67.5513490129103	40.5383492510884	94.7002753883318
493.833333333333	124.061350936603	103.527116708155	144.428829010745	40.4322289590248	17.0356058280265	66.565921444074
495.833333333333	118.655530599128	98.69036763546	138.388256117494	38.1813475673502	15.3626829365219	63.5828895457861
497.833333333333	116.605668966242	97.2144343308152	135.903475464386	31.7476784748068	11.085924662319	56.1806105392264
499.833333333333	110.487932407265	91.1654626662523	129.118528810899	29.4759635298837	9.89761240892986	52.6171592349025
501.833333333333	105.463955541032	85.9009145324766	125.484507958588	39.2099512231916	15.9400250665607	64.8754936076211
503.833333333333	100.122645946385	80.667149407738	119.840239589959	40.2985325645836	16.627020910788	65.8498640597093
505.833333333333	94.9156139344308	75.9661419027552	114.69884978434	44.1320537710127	20.260025998434	68.7923044379636
507.833333333333	97.9501958867879	78.0728139462406	118.780558970608	50.4234264169402	25.3467813938802	76.4866356320283
509.833333333333	106.566717960975	86.4392347813211	126.178595972424	38.3167585878473	15.6774008244067	63.4378376698977
511.833333333333	91.6707246486447	72.3292593014777	111.581040559642	54.3299730947833	28.775443302906	80.3490359879468
513.833333333333	97.0625507704831	78.5238104306499	115.179870153402	29.6764302741723	10.0341499400967	52.6343725465904
515.833333333333	96.937069278667	78.7099553536067	115.023926557259	29.9832649701724	10.1177165632165	53.0442233143534
517.833333333333	106.260794328471	87.3748308326285	124.806680963686	31.9705762885155	11.5020211224274	55.7052145824616
519.833333333333	100.622314588804	82.3133647001436	119.118291938958	28.6674387698829	9.4111609855079	51.4272706423912
521.833333333333	93.7849443232294	75.1140958150225	112.843823258092	38.1019620740862	16.0012624635363	62.7176020110581
523.833333333333	112.494977821366	95.4673442569299	129.172236116128	15.4025750819873	3.89139877645506	32.3576984533575
525.833333333333	109.116719458561	89.2257375960819	129.616649285856	43.0448311743375	18.898415679536	68.0367240598632
527.833333333333	109.15975932622	91.9885109539618	125.652347799842	15.0920913171104	3.7614308991719	32.0485106806637
529.833333333333	117.496395301948	98.9664689198882	134.896092272582	23.8447381554089	7.10653238237579	45.3167411880886
531.833333333333	115.361484251163	98.0881699299842	132.215240986521	18.3548952485206	4.68807978323041	36.8947787422385
533.833333333333	112.218617371909	94.402289800239	129.236682845937	19.6134193806156	5.30458628795136	39.2034510568585
535.833333333333	117.281502817004	98.3290745565982	135.380225554351	25.3211653478508	7.37989812485166	47.5498400213649
537.833333333333	105.777916104101	88.2247686452118	122.783911432584	19.8529977498188	5.42648909457901	39.6812682913147
539.833333333333	102.172304833479	84.0570921718172	119.407479138146	23.171997897079	6.83338977006118	44.4960050856023
541.833333333333	104.848043313091	87.3573468942581	121.196915260663	17.6200571120223	4.60406582151667	36.1698568663563
543.833333333333	93.7221250951942	75.2545203811838	112.067336349777	30.0277282178376	10.5891894471306	52.7808936715726
545.833333333333	93.9221364584266	74.7897483985859	112.642999915653	32.9866792827632	12.101316321288	56.7932117370354
547.833333333333	105.154718635443	86.5279921251712	123.026484925789	27.469530010512	9.06172097443143	50.0443280243682
549.833333333333	35.785150777652	25.0208792203127	47.8570560471606	7.04207907255423	1.50458490946466	16.5063879051995
551.833333333333	104.967453144975	85.0446416988668	124.980041637101	44.9508786854844	20.8155078051872	70.3756698965295
553.833333333333	97.9292792522138	79.8520184988323	116.121969230253	29.8693645023845	10.0825702709185	52.6241484333359
587.833333333333	72.0624232041139	54.1696387184793	91.0357524020366	53.0212055389888	28.5661071902419	78.2711342483222
589.833333333333	80.5589630310042	62.8092697016016	98.9024266822265	39.8874778951276	17.4499545723492	63.6282247858214
591.833333333333	87.5015543372323	69.1791465620409	106.032366841903	35.8191708108981	14.0580183471749	59.7336500547241
593.833333333333	105.989242727339	87.1242595412671	124.661770444777	32.9587259747653	12.1285614577747	56.8735986098558
595.833333333333	113.126159987965	93.5078792343561	132.065085491078	32.0509076108417	11.3835451087311	56.0152748848771
597.833333333333	111.85961152194	92.7430422968595	130.482200326419	31.4763281995858	11.0061891980952	55.5568432392021
599.833333333333	119.010975263544	100.510774195228	136.708889025177	24.0461089354439	7.2940029745065	45.922995226387
601.833333333333	114.352929155975	95.0807011621698	132.989446906947	30.4762796833635	10.3798149743215	54.2201876404438
603.833333333333	101.523220672648	83.5078839029627	118.920279134428	24.4515184614755	7.21657351749042	46.0133084568974
605.833333333333	95.005980933486	76.7534395093533	112.913779378312	28.9598666427245	9.93012663963587	51.6908827327959
607.833333333333	111.3528250947	92.8327129828939	128.96716184244	25.1805083283642	7.74976303717167	46.9813265755092
609.833333333333	94.9287143700814	76.3740012045385	113.609476850077	33.792658825617	12.5014823072449	57.6867132538038
611.833333333333	101.694800672264	82.5696220517196	121.300567224054	41.6655707026138	18.2965648646043	66.4544906070498
613.833333333333	114.676539502885	96.3262077571343	132.414707453089	25.6220621584053	7.83395921213617	47.8545509159189
615.833333333333	97.3059745878167	78.7393703705276	115.728259172982	30.3079570050082	10.3814982241927	53.4607333211913
617.833333333333	98.0537659044313	79.2927382028813	116.28654676952	30.5492358355325	10.594236495081	54.0493074185928
619.833333333333	103.493261653695	84.6999515716006	121.853774664812	30.2795592459728	10.5378815013948	53.6924828876442
621.833333333333	118.10910241071	100.769831156596	134.908957206944	16.8923643296754	4.25055557332635	35.215548876857
623.833333333333	85.3595119056008	68.6387940679061	101.446385739033	20.6002806785813	5.92221893064226	40.4132367430041
625.833333333333	113.584582719799	96.0080838403938	130.604037407642	19.3785804028199	5.32313721618989	38.5602068168685
627.833333333333	104.153663441819	85.3118918150225	122.074576056882	26.6466752389227	8.46011353996522	49.1348889521644
629.833333333333	115.271824083542	96.9851997622323	132.496803260175	20.7239949141668	5.64845016752718	41.1045526556002
631.833333333333	99.3565964240597	79.3436039579101	120.126067331693	48.9894165028216	23.5010208045371	74.7472440018859
633.833333333333	102.091248709261	83.114263634087	120.201618877289	28.969652565453	10.0158421204883	52.0052445878404
