Time	M4	M41	M13	M17	M19	M21	M23	M26	M54	M79	S1	S6	S11	S22	S51	S95
0.25	0.088	0.096	0.0924	0.089666667	0.088166667	0.088666667	0.088166667	0.087333333	0.088833333	0.091333333	0.090666667	0.089	0.094333333	0.0915	0.09	0.093166667
0.5	0.087833333	0.096166667	0.092	0.089333333	0.088333333	0.088833333	0.088166667	0.087333333	0.089	0.091666667	0.091	0.0892	0.095	0.092	0.090166667	0.093333333
0.75	0.088	0.096	0.0916	0.089333333	0.088166667	0.088666667	0.088333333	0.087333333	0.089	0.092333333	0.091	0.0892	0.095333333	0.092166667	0.090333333	0.093666667
1	0.088333333	0.096	0.0916	0.089166667	0.088166667	0.088833333	0.088333333	0.087666667	0.089	0.092666667	0.091	0.0894	0.095666667	0.092333333	0.0905	0.093666667
1.25	0.088333333	0.096333333	0.0918	0.089166667	0.088333333	0.089	0.088666667	0.087833333	0.088833333	0.092666667	0.091833333	0.0894	0.096	0.0925	0.091	0.093666667
1.5	0.088833333	0.096166667	0.0922	0.0895	0.088	0.0895	0.089	0.088333333	0.088833333	0.093	0.092	0.0896	0.096333333	0.093	0.091	0.094
1.75	0.0895	0.096833333	0.0924	0.089333333	0.088333333	0.089	0.09	0.089	0.089166667	0.093666667	0.092833333	0.0908	0.097	0.093666667	0.091666667	0.094666667
2	0.090333333	0.098666667	0.0928	0.089833333	0.0885	0.09	0.091333333	0.0905	0.09	0.095	0.094333333	0.0924	0.097833333	0.094333333	0.0925	0.095833333
2.25	0.0925	0.102	0.0932	0.089666667	0.0885	0.090666667	0.092666667	0.091833333	0.090166667	0.095833333	0.096	0.0944	0.099166667	0.095833333	0.093666667	0.0965
2.5	0.095166667	0.107	0.095	0.090833333	0.0895	0.092333333	0.095333333	0.0945	0.091	0.0985	0.099166667	0.0986	0.1015	0.097	0.096166667	0.098833333
2.75	0.099333333	0.113166667	0.0968	0.091666667	0.090666667	0.094	0.0985	0.0985	0.093	0.102333333	0.103	0.1044	0.104666667	0.099	0.098833333	0.1015
3	0.103666667	0.1185	0.1	0.093	0.092	0.095833333	0.102666667	0.102833333	0.094166667	0.107166667	0.107166667	0.1102	0.108333333	0.102333333	0.101833333	0.104833333
3.25	0.109333333	0.123666667	0.1026	0.0945	0.0935	0.097333333	0.1085	0.107	0.0965	0.113333333	0.112833333	0.1166	0.112333333	0.106166667	0.106166667	0.1095
3.5	0.116166667	0.129833333	0.1066	0.096	0.095	0.099666667	0.114833333	0.111833333	0.098666667	0.119666667	0.120333333	0.1244	0.118333333	0.111333333	0.1115	0.114666667
3.75	0.125833333	0.1365	0.1118	0.0985	0.096666667	0.102166667	0.122666667	0.119666667	0.1015	0.129	0.127833333	0.1332	0.125333333	0.1185	0.118	0.121666667
4	0.135666667	0.143833333	0.1158	0.102	0.099666667	0.105333333	0.133833333	0.127333333	0.104333333	0.141333333	0.138	0.1442	0.135833333	0.129666667	0.1275	0.1305
4.25	0.15	0.152166667	0.1242	0.106166667	0.102	0.109166667	0.146666667	0.1385	0.108666667	0.155333333	0.1525	0.1564	0.148833333	0.142833333	0.137333333	0.1415
4.5	0.165	0.1605	0.1314	0.112166667	0.106	0.113333333	0.162166667	0.1515	0.113166667	0.175	0.168333333	0.1728	0.1645	0.157833333	0.1515	0.156166667
4.75	0.181333333	0.1695	0.1442	0.118333333	0.111166667	0.119666667	0.18	0.167333333	0.119333333	0.188166667	0.185	0.1904	0.180666667	0.174166667	0.167333333	0.1725
5	0.200333333	0.1805	0.1558	0.127833333	0.1185	0.128166667	0.199	0.185833333	0.127333333	0.207166667	0.2035	0.2094	0.1985	0.1925	0.184333333	0.1895
5.25	0.221166667	0.193	0.1706	0.137833333	0.1325	0.138333333	0.218333333	0.205666667	0.135666667	0.229333333	0.223833333	0.2296	0.218166667	0.210833333	0.203	0.209
5.5	0.242666667	0.207	0.185	0.1515	0.1385	0.15	0.237166667	0.224666667	0.1485	0.250833333	0.243833333	0.2506	0.236833333	0.229166667	0.223166667	0.2295
5.75	0.263666667	0.221333333	0.201	0.164333333	0.149333333	0.163666667	0.254833333	0.244333333	0.160666667	0.2705	0.261166667	0.2716	0.254333333	0.2475	0.241666667	0.2485
6	0.283166667	0.236333333	0.217	0.1795	0.1625	0.1795	0.271166667	0.2635	0.1735	0.291166667	0.278166667	0.2896	0.270333333	0.2655	0.259	0.266333333
6.25	0.302666667	0.253833333	0.2328	0.195833333	0.192666667	0.196666667	0.285833333	0.281	0.19	0.311333333	0.293666667	0.3086	0.286166667	0.278166667	0.275666667	0.284
6.5	0.319666667	0.2685	0.248	0.2145	0.194333333	0.2165	0.296	0.297166667	0.208333333	0.3265	0.306666667	0.3244	0.2995	0.288833333	0.2905	0.298833333
6.75	0.333833333	0.284	0.2622	0.234833333	0.213	0.2355	0.302666667	0.3095	0.225	0.339666667	0.315	0.3372	0.307833333	0.296166667	0.306	0.310833333
7	0.336666667	0.305333333	0.292	0.254833333	0.229666667	0.255333333	0.304	0.318	0.248666667	0.347	0.314166667	0.346	0.309666667	0.296666667	0.318333333	0.316666667
7.25	0.337666667	0.324	0.3034	0.280666667	0.252833333	0.279166667	0.305	0.3225	0.271	0.346166667	0.314333333	0.3468	0.307	0.294333333	0.308	0.3185
7.5	0.342166667	0.3425	0.3182	0.298833333	0.270166667	0.302	0.301333333	0.322	0.294166667	0.349	0.315833333	0.346	0.3055	0.292833333	0.3065	0.3155
7.75	0.341666667	0.3625	0.336	0.319666667	0.295	0.3265	0.3055	0.3255	0.3195	0.350333333	0.317333333	0.3462	0.303833333	0.290166667	0.3045	0.3145
8	0.3455	0.380833333	0.3476	0.342333333	0.318333333	0.348666667	0.298166667	0.320833333	0.345	0.354166667	0.310833333	0.355	0.303166667	0.295166667	0.306333333	0.313333333
8.25	0.353	0.400666667	0.3536	0.3565	0.344	0.361666667	0.309333333	0.322666667	0.363333333	0.355333333	0.3115	0.3468	0.303166667	0.288666667	0.303	0.314666667
8.5	0.348333333	0.414166667	0.3534	0.364833333	0.364666667	0.371166667	0.308333333	0.329333333	0.3835	0.357166667	0.310833333	0.3464	0.304166667	0.2895	0.303333333	0.313
8.75	0.346	0.425333333	0.3536	0.370166667	0.363333333	0.375	0.301833333	0.3205	0.393166667	0.358166667	0.309166667	0.3498	0.304166667	0.287666667	0.315666667	0.313833333
9	0.3565	0.429833333	0.3668	0.372333333	0.362333333	0.3805	0.300666667	0.317166667	0.402666667	0.360166667	0.313833333	0.3484	0.2975	0.289833333	0.303	0.315833333
9.25	0.3475	0.434833333	0.3602	0.373166667	0.3615	0.381833333	0.297333333	0.319	0.4055	0.3615	0.305	0.3556	0.304333333	0.281166667	0.303333333	0.3135
9.5	0.346	0.435833333	0.352	0.371333333	0.359333333	0.378666667	0.297833333	0.320333333	0.407333333	0.359166667	0.308333333	0.3458	0.299833333	0.2955	0.314166667	0.3165
9.75	0.352333333	0.437833333	0.3558	0.371666667	0.363	0.379166667	0.294833333	0.328833333	0.4085	0.359333333	0.307166667	0.3484	0.295666667	0.281333333	0.298666667	0.318333333
10	0.343	0.437833333	0.3594	0.370166667	0.356166667	0.3795	0.303333333	0.316833333	0.403833333	0.359166667	0.307	0.3512	0.293333333	0.28	0.315166667	0.3095
10.25	0.343166667	0.440333333	0.3712	0.371166667	0.353166667	0.3775	0.295333333	0.3215	0.403166667	0.358	0.306666667	0.3524	0.294333333	0.2845	0.315833333	0.314666667
10.5	0.3395	0.439666667	0.359	0.371166667	0.356333333	0.3775	0.293	0.323833333	0.402333333	0.3565	0.3045	0.3456	0.291666667	0.272833333	0.313333333	0.315166667