"time"	"s.est"	"s.lower"	"s.upper"	"v.est"	"v.lower"	"v.upper"
0	4155.41879261341	3069.31282301892	5069.98666364222	458.998209476791	0.000564287890645464	1944.29759298975
1	3450.90727157385	2690.78236162139	4350.95825256968	72.373344509005	1.71571073553526e-05	532.239560747478
2	3807.53282587684	2946.043468953	4586.802292224	189.907161042037	1.06720926747633e-05	1169.56846487492
4	3329.79303616492	2507.90065762536	4090.47916105782	173.589931820549	6.25899649476304e-05	1039.36791854366
6	5274.00056830634	4035.44729481834	6337.41164507153	682.089006723706	0.00221494599923518	2311.50603667983
8	5748.10684317583	4380.49068836576	6894.30483692527	819.128879310884	0.00162127715922273	2629.34143720558
10	3873.68225270751	3089.42112407267	4667.39591097763	123.874498196121	1.44803382803987e-05	851.565658669069
12	4860.69382987888	3815.92702211477	5722.02622826606	323.251541515975	6.59108328039717e-05	1611.29521116113
14	4015.50064719692	3245.46658337584	4874.00317294543	102.462201115887	3.10026737824571e-05	687.010072272622
16	3913.131996707	2768.38287555742	4948.38410061111	621.019616470765	0.00010239020656151	2280.80670787033
18	4643.08884806029	3729.62377397476	5437.90353907869	198.046962888413	0.000119542005130018	1214.61105439526
20	3391.35105723884	2526.20792218695	4166.34557956892	208.704398724109	6.22641439229252e-05	1374.86246503571
22	4797.4763856731	3806.13727707298	5633.01386685573	274.399526467499	0.000103416945274137	1407.62039572995
24	4902.30351954207	3963.39554072075	5703.03768608392	200.064374668776	0.000117544246812621	1229.62573031771
26	5094.73415786073	4222.77587595469	5919.34239765687	148.947518111891	2.31388040605748e-05	945.302254840253
28	5338.52526372605	4255.90728655629	6202.66842717331	356.668844672563	0.000337994132656947	1681.89073212323
30	4615.01602487723	3788.93436570523	5483.33869634762	117.785584877532	1.04696644901852e-05	827.798547891217
32	4645.92959825374	3469.19502074823	5567.83548265584	450.226364924019	0.000441209793282532	1979.33150429589
34	4399.82620572298	3481.15988843678	5227.10273632669	209.123735508808	2.6245978324838e-05	1344.08591449745
36	5019.27347564917	3704.00512692232	6409.99041028505	2311.40079375963	67.1072411956546	4048.2492264616
38	4687.26825330063	3761.32023420211	5486.22876218021	224.816763743998	0.000172532740649109	1335.38219497436
40	4392.686625681	3318.62584412672	5287.66636579931	434.797477655801	0.000950934576521175	1850.9557581633
42	4372.95081896921	3522.19357112404	5185.04981789093	159.773522370497	5.50712033024566e-05	1003.80415233704
44	4254.54831849175	3399.46001020213	5051.51688355409	177.066882736816	7.37551349853065e-05	1020.75235250753
46	3565.00100445649	2746.94744607559	4542.93840241055	87.7810151110251	5.1805508203416e-05	742.511846261789
48	5023.90940051712	4086.64925936929	5843.18534468809	184.804075598477	2.06698705802591e-05	1137.87105123023
50	4603.84641670445	3659.75850960033	5426.32058402059	217.164514833937	5.62337549922416e-05	1258.88889516821
52	4060.26662589769	3249.911741753	4853.41149620855	146.299632060697	0.000125540515822753	1005.77127073375
54	4336.96063551148	3339.68693135395	5167.17207854047	284.665633397306	4.63148985043793e-07	1510.83310540082
56	4048.4981283288	3292.54032638633	4864.50677121145	109.539001173362	1.88889736928924e-05	670.428515990028
58	3826.18293338609	3051.64831432236	4614.28267995325	122.608087302767	7.94919775720743e-07	851.075967383488
60	3777.71455102032	2734.37610650164	4655.57631242866	419.102531533673	0.00120750684367825	1862.81117645231
62	4182.14399730579	3372.24275438929	4976.46104888284	129.433827691243	2.55686696872078e-05	807.8711852458
64	4643.15990457334	3787.94727821821	5474.7602447134	170.622391029874	1.49699929989494e-05	1005.60856929311
66	3741.63763924701	2905.75359289468	4522.26800604188	184.729561396144	9.82654607690634e-06	1074.37119455616
68	4434.64114313662	3447.15694317691	5268.67174070304	325.246878585453	0.000181781150646144	1523.32120559734
70	4719.61740455121	3510.16670186468	5862.6274636393	809.364180436749	0.012140289909333	2531.00936344065
71.8333333333333	4515.92184530693	3665.51917737429	5334.06755972491	157.122172019095	1.51351618154428e-05	1098.91749269801
74	4038.27126372683	3233.71118080216	4842.74023493789	125.727767401229	3.0759929071319e-05	834.91630167187
76	6229.11977099774	5182.68728704292	7071.2411158532	241.559608215143	1.27462311372955e-05	1427.74466400749
78	4316.1375827885	3080.61888457179	5642.04108002763	1218.49523439267	0.0255021447339475	3004.0243820851
80	6073.77129428421	4700.8194936733	7144.42722157028	691.804100150226	0.00061248384471764	2489.41777751133
82	4614.92008471185	3644.17569965857	5432.47707281464	246.491821594264	0.00011102881916115	1412.93862288917
84	4112.30603903941	3061.09323374075	5013.91866584278	432.638096118243	0.000223778529998166	1842.91666973794
86	3967.93704253569	2835.45987548858	5024.97440778082	665.99217744024	0.00123517693491726	2306.28927593938
88	4025.43589673213	3157.67086823976	4817.05214079764	175.400397754872	6.69806061836296e-05	1101.76854150819
90	4530.39820915639	3651.02377896405	5349.23981532634	180.220563878717	4.95991620680187e-06	1115.42129487589
92	5395.96791575652	4475.33091302919	6209.9785158228	163.988987921123	5.36803730680555e-06	1048.08790936949
94	3849.17918363345	3065.89038934434	4656.89029030329	122.286204852637	9.06036591147997e-06	804.563071043091
96	4117.44602966103	3305.17528023045	4882.20897858068	153.661321169498	1.1354554896568e-06	955.341249877514
98	4648.32316211904	3594.1839077522	5507.98888809425	350.10101306281	0.000696698943756695	1720.9117877507
100	4855.5402061575	4033.62238060714	5704.89724657362	110.367922587375	5.96993633020252e-06	827.726128253711
102	4695.88380558829	3712.73394323269	5509.1634205735	251.22899159347	2.12500496581265e-05	1423.9242795594
104	6444.06327566303	5040.32307529585	7544.21958244786	741.354470343682	0.00104025177540017	2510.03821379621
106	5623.66860757404	4242.4033170985	7065.37693933061	1874.95312677336	4.86202581569686	3708.19079441951
108	6275.48223271888	5278.23961130246	7307.44663869615	137.375312467395	5.66910220170113e-05	962.662070650722
110	5242.89264609805	4368.04606383029	6277.26473295148	90.5984625010078	7.46727747381816e-06	632.935373918877
112	5630.17943075496	4440.15307595727	6495.8788299111	317.030199878895	4.15366653420096e-05	1804.11376571192
114	5544.79671643779	4674.92911967375	6659.96361645385	82.8940810782598	3.89998866062834e-06	591.393419666528
116	4536.15443153464	3541.73571337281	5371.22780231725	300.779517601931	9.21868239743502e-05	1563.86296240268
118	4989.01485526698	4120.85855889446	5836.15897323423	139.778355520585	5.75392832480963e-06	912.105742435402
120	4996.36860246315	3750.12648960215	6099.21726423765	747.703128598825	0.00196512395176053	2475.36213420932
122	5059.20468370953	3793.46685699722	6137.92821613326	703.845472317037	0.00264259137890208	2426.40467504716
124	4573.59465816188	3741.15738337496	5373.2738714572	153.155705170753	0.000201980958308933	882.770173691517
126	4273.98589778866	3346.63757514572	5071.68189512147	245.174601122596	2.56074855075313e-05	1339.03264320544
128	4132.7545748354	2901.74347947331	5360.70724478874	991.716839672515	0.00170624757624301	2741.96424269338
130	4467.85309226658	3223.84627724304	5669.186731265	976.864422545326	0.00341025420790046	2740.77694207081
132	4302.2214810238	3079.20978795741	5523.7735992088	1042.03673468714	0.0188800107068224	2794.41601622561
134	4789.30425265897	3646.59573324016	5740.96481464231	504.804714126106	4.11912920129171e-05	2047.80914791805
136	3604.45768893796	2531.17852610003	4572.22647463886	547.658879647941	0.00129917256030003	2026.17795233118
138	5078.49178008727	4224.24804477375	5941.23400390899	137.72013255776	5.92078260457533e-06	855.147919885871
140	3629.44160158685	2610.35935062729	4488.24765820946	387.215050451132	2.73217917170281e-05	1778.32277952675
142	5093.7083213214	3813.45647573382	6439.02741653157	1341.88489917696	0.0770663694413607	3105.57320019576
144	4018.24972509045	3215.17838795754	4783.95798933565	139.000706666507	6.72880465239067e-06	874.087527300949
177	3766.52281864033	2895.59794921526	4903.83642224733	57.9249701283584	1.44437350296443e-05	441.816613350773
179	4081.91856200488	3227.94979380152	4853.40232793441	175.999935715943	0.000129990685029971	1127.42787427416
181	4961.96160397479	4029.95115892136	5785.9372808256	199.856769131331	5.57736746716232e-06	1160.93904398554
183	4618.56403678479	3791.572108452	5448.08297549259	122.950813923902	3.47754105475399e-06	821.411433098285
185	3746.17253294988	2685.39394095373	4693.18783057189	514.607542270142	1.05571925387913e-05	2032.19604663957
187	4920.7034616241	3963.23368220423	5741.53557546388	213.916326917532	7.70145104467861e-06	1250.35042121249
189	5038.36555876622	3975.61485911341	5892.21614333068	309.031511051054	0.000169420940421374	1626.24291179405
191	4052.54580813707	3020.78266673805	4897.51954247955	337.839401069026	5.48495101675725e-05	1715.94991963186
193	4441.6763012306	3282.45148735294	5456.06286469538	608.295188273009	0.000169718870004997	2183.63954651014
195	4984.73521080081	4126.5712504876	5827.14258694942	142.015955535127	1.41215720874619e-05	956.85412411745
197	4227.83190188458	3064.84181049219	5250.22424093913	633.477509777182	0.0015097916624731	2255.51128019589
199	4350.64034763817	3263.46120707792	5299.06619483391	511.38234934246	9.84429111407891e-05	1987.50497729189
201	4815.40912705674	3775.57329839652	5662.41461100743	316.518451773844	6.43659565026823e-05	1649.55270859061
203	3571.15963044823	2795.4282219959	4332.17163122845	148.854319157395	0.000443331085605083	910.204181578132
205	4122.85121808876	2957.41773916884	5360.6878721278	1020.17393696822	0.0331586056041004	2685.89334060556
207	4081.52928675925	3241.53526104603	4859.05712773443	173.085059572062	5.95645556334265e-05	1070.59057940978
209	4093.13986015723	3298.673271834	4915.17426930515	121.355063638035	2.65568152399163e-05	837.581709065689
211	3869.61677249415	2780.438518467	4853.30770678287	558.68508151075	0.00309444118942409	2105.97581441096
213	4341.82562804576	3426.90661684532	5126.30453620043	223.610752290375	8.9709718811397e-08	1265.90810676007
215	3320.17210899823	2560.36145342401	4108.40595937538	165.804949931237	7.38105005349611e-05	1328.82884287357
217	3900.33171648833	2717.05348003647	5138.33794410905	934.827005254484	0.00151041226430547	2636.44482569811
219	5327.7016652182	4254.46820246818	6175.44900209489	295.309693610828	2.77751531106167e-05	1591.02087436488
221	4318.62681411666	3489.04644967349	5152.80860388822	138.715178625878	0.000118664130915121	850.182476887895
223	3869.42895801573	3076.92436111859	4659.38614073839	130.580240105086	7.25322107743834e-05	856.44002949876
225	3855.03695296293	3097.72843925544	4646.19858345985	111.677590974019	4.36106612505662e-06	765.86630515875
227	4405.63542448261	3443.79538502243	5214.89729192582	271.823209413785	3.22690481978793e-06	1463.57224032915
229	4207.07408225333	3382.78982205005	5003.80714081484	153.367917213944	6.12596840312399e-06	970.964441884188
231	4151.93607484778	2986.09779040182	5494.55696428954	1507.29067739143	0.063524219826308	3224.57527872466
233	4203.07008243528	3178.33058285339	5042.74292234459	347.572474897088	7.47289129676905e-05	1665.19008893017
235	4886.31971745495	3776.11422424146	5794.98405887446	445.358735432206	0.000350556190685288	1896.87557054297
237	3772.18257891639	2878.55071028717	4920.17150720344	57.2796379078266	5.23350806016576e-06	448.398234138156
