"time"	"s.est"	"s.lower"	"s.upper"	"v.est"	"v.lower"	"v.upper"
0	3858.64476216926	3132.21348221044	4654.49753800753	137.920494621364	0.00148948504960366	791.2957567847
1	4789.77037922189	3910.92282724791	5531.00854187125	221.798742982178	0.00993580744295655	1140.46464399261
2	4081.05530623584	3298.33770313685	4798.14905178245	186.367423525528	0.00991624890547648	966.108150115413
4	3790.41613427294	3093.51967131178	4708.91023401425	99.5817893595368	0.00108298687797569	594.57090313553
6	5906.90737959121	4945.63723525279	6697.90467537882	274.435070533253	0.00638816464754074	1301.68489537563
8	5015.44033888419	4085.35454588589	5796.11556314116	229.270009708401	0.00940235783751792	1191.23481709924
10	5448.80770291174	4128.52132605301	6414.15375911724	661.41068351261	0.0456505087529385	2225.85259770576
12	4368.80964065139	3454.93514781534	5128.31609099059	238.640824369274	0.00529863366447548	1199.66287108259
14	4880.24429558059	3814.50059275634	5683.31406793379	415.95357147554	0.0315652076795889	1701.6627997214
16	5108.12097832523	4012.33826109011	5906.79119248	391.414522594366	0.00758293378854106	1705.0944066945
18	4731.35118234377	3935.50530418974	5505.6458897652	169.252861119523	0.00533438382404926	908.077324678246
20	4687.75234803769	3763.31884914261	5457.17663205245	281.511224754981	0.0239929105482754	1274.26658622311
22	4321.21968928566	3068.21021266086	5589.06418651608	1152.74281401628	0.69461194333893	2713.54496973191
24	5474.07554026323	4131.05014373183	6476.21118392224	725.938365200474	0.200046097528271	2373.51370668816
26	5567.8015032161	4580.30289126817	6346.54963707251	247.537490103792	0.00155856689856238	1283.17262436393
28	5054.1266647658	3697.46969988697	6585.98343493023	1739.31004320587	14.0251339869672	3417.62900968768
30	5067.76587799565	3898.58533078241	5939.83713977673	489.6714870125	0.035275187557034	1881.1356703609
32	5310.96593497923	4034.41428820415	6301.08495811852	689.553511011378	0.0393037572849363	2272.42487884674
34	5002.2356937776	4006.39330211636	5783.67639439049	326.021776593699	0.00607718534529421	1455.18732406906
36	6463.60074108321	4944.25185483514	7928.54607516482	2762.30304807731	867.187546259556	4512.28890020758
38	5075.78878329647	3825.71128702688	5948.92471392747	537.281896853463	0.0438617264587072	2050.24700468571
40	4724.47717124501	3501.51343102874	5693.03391920903	672.433691793508	0.0258491765523052	2201.03077929192
42	4247.82750709087	3448.12362387129	5030.93250800223	175.22691573973	0.00325046288702468	932.086646179011
44	4091.90358265529	3276.71848895593	4842.84965277755	191.955965479397	0.00344921806943547	1020.74689627503
46	4193.98797546468	3466.78399767738	5007.59127116142	120.71594891997	0.00196434296204018	707.037011429584
48	6107.68972567319	5070.79459778773	6909.87983705499	283.115015795847	0.00379122893711186	1393.2540323463
50	4013.25283771868	3180.86820868013	4816.27342960735	161.882783254743	0.00292376737442283	964.546090210908
52	4609.64877554565	3641.05529830537	5364.50497140056	308.224033672799	0.0204645382298857	1405.7615238261
54	5752.60531548483	4734.17523563983	6531.45800968416	293.888494618361	0.00585168210609888	1426.71172528349
56	4207.60476774775	3420.7102204865	5008.10295458434	163.242182439397	0.00155057252908963	945.820107240217
58	5188.43068220012	3919.18233909334	6136.63400758499	639.079735006449	0.0681854187411748	2190.7695241872
60	4291.24636179606	3509.8586675861	5097.03573906971	153.485839330455	0.00176624523785994	844.174607918488
62	4328.83249865899	3478.31170532418	5090.89426353447	213.927457482733	0.00464046493418925	1119.00685945533
64	4253.54510126335	3528.03410878293	5047.67518070149	134.140426838221	0.0038637711788608	756.750528795922
66	4302.1544781171	2936.39348645341	5483.31653719004	986.742663848464	0.796720507116309	2650.12825001399
68	4945.15471184981	3625.88755060934	6400.84675660378	2481.29345542431	567.663951546918	4083.50370551166
70	4990.16715491179	4041.65755420863	5751.8597038844	299.912637923582	0.0208319186154014	1380.21173773921
71.8333333333333	4502.03663296765	3199.5810340309	5876.51712828129	1375.51849852075	0.829315376969832	3012.18548598368
74	4873.58214627264	4097.17353848055	5817.83204084634	124.708221024178	0.00111537220425636	706.536530036248
76	6111.82819397958	4828.05262018485	7020.963372189	550.639430571561	0.0396612856627923	2041.12790227698
78	4447.19896593609	3494.86313809278	5208.29743019663	304.535805271223	0.0150140502803456	1369.39617742321
80	4935.53795708091	3613.68204734172	5961.52139950486	739.177727515567	0.030333090309082	2378.10772407289
82	3983.19514147984	3245.36513078532	4869.33952445997	121.052707262885	0.00278002693011239	697.280199707286
84	4327.22083632094	3583.55740284074	5117.81500669417	148.362053981529	0.00291419933193474	813.093608010043
86	5137.92811769201	3830.17408645557	6328.75557421845	1033.92405815596	0.52043907412696	2657.46524395479
88	4752.59562173019	3868.58896733519	5528.68679082299	208.396053284412	0.00318929202280288	1124.93763552471
90	3986.94927431311	3258.22213430851	5037.0115239441	88.7688644423616	0.00223413066567349	546.293953529217
92	4877.5077302347	3738.19497565598	5761.56745786995	544.321913859269	0.0206116450099392	1929.33883679483
94	4768.79021023865	3870.93150169847	5527.81944602494	246.226635485047	0.00668564269825298	1228.50175602927
96	5102.34272806107	4190.09969844471	5877.7708462435	233.791649878769	0.00452784052433665	1200.25688269483
98	4509.56489486203	3578.10409672689	5273.79514021326	233.820394232275	0.0082010563778451	1195.92401105534
100	5532.40997328992	4495.71459549147	6318.93763987918	312.844291197224	0.00936298046794964	1466.15870825632
102	4318.4227801813	3408.05929732169	5053.45511958717	258.737513869977	0.0130592957074298	1247.69847027779
104	6174.40391761889	4993.69307885582	7019.48460684918	361.743476451761	0.00581293315502051	1659.78214169108
106	6345.1691092618	4913.84026032523	7515.33490416241	935.042258930408	0.260898330852144	2626.521658528
108	7799.78996450888	6602.41000346569	8671.02211409855	421.128579624596	0.0244520166349995	1735.75948454642
110	6301.91728842286	5411.17791981622	7299.30352694733	141.125073521842	0.00471943868913066	861.351030113811
112	7855.22499703408	6768.83055744382	8680.08243543579	307.106785798897	0.0162793692836958	1442.11912070074
114	5462.2384689006	4118.73643111769	6660.64517252091	1018.2087654915	1.10094193170523	2654.16018794423
116	5178.57070728504	3972.10075408549	6069.27360839722	542.716576394871	0.0289788768360621	2008.35450709641
118	5566.05391666568	4663.18893487821	6869.3082989023	88.9332000892744	0.00109538523752428	564.020474759956
120	5166.56430782183	4107.90005869464	5958.81027164156	353.61122487903	0.0221156675571576	1551.57119553576
122	4970.91460799591	4053.84702791222	5744.60331633321	248.869598037163	0.00954685921202173	1230.56378887042
124	5450.64966830564	4536.88695259332	6738.82382936079	92.5411352078213	0.0011922486679829	602.473490744215
126	4975.53116360802	3603.8242661241	6260.10425511704	1103.58953382207	0.765511009590697	2811.99024455782
128	4312.84758336529	3054.87766959915	5486.89563772878	960.457062174437	0.0717128725460281	2580.60561596432
130	5575.42468497992	4456.36900006449	6452.8164255703	480.785241075127	0.0186930116891193	1791.29380307332
132	4339.76652190142	3473.42880973877	5088.06128192973	234.542788572429	0.00561251970179807	1212.68973250334
134	5367.79914224924	4344.9336513018	6141.13848363995	291.298542223249	0.0243416170675556	1459.16535830318
136	3673.04940991836	2562.61605856478	4650.40056010477	707.384965141149	0.0594174642373433	2133.25317968772
138	4388.70718910524	3110.07425388738	5992.2057903473	1702.5418452244	15.6751836354793	3327.6283819224
140	5130.01810472189	3785.77615164841	6663.51405735119	1550.70977685388	1.95645434854255	3233.65722051923
142	4742.33454015406	3795.51181029689	5519.64675936065	305.032542926518	0.00232125567695664	1367.25155915505
144	4930.85769046456	3930.69678135438	5685.14220676438	301.91117541548	0.00392288457511997	1421.46186901596
177	5693.07165093668	4532.33306352455	6510.2505157059	396.620238951498	0.0126292275565547	1743.78058796045
179	4484.26367610973	3538.56200236357	5244.37344949978	233.675614582414	0.00654192751341785	1233.70852664172
181	4676.6769542832	3353.87249868748	5916.93437306663	1106.16353342475	0.486058930890492	2703.56929141485
183	4806.91367094115	3814.29630082509	5560.2011155091	317.175705969531	0.0223561940865029	1425.67105990452
185	3881.03745931437	2731.95253149487	4853.35073303844	705.324377213042	0.0589373648877828	2211.42725469367
187	5357.11778207329	4024.05440899512	6752.63779884962	1221.95940726444	0.207623458050107	2860.74610659531
189	4714.95199420818	3466.1780278784	5742.78964696837	768.743607210141	0.156210976743698	2328.95975829964
191	5401.64288749819	4466.16543815223	6189.61692180497	228.204791484867	0.00542549388732068	1167.13947358248
193	4072.73963662777	2888.47741537905	5192.32599434522	906.283461874928	0.25245643672649	2461.11173189286
195	4856.66142079517	4022.9519217286	5664.34167451209	174.886113584267	0.00139547590962247	947.160829983239
197	4314.39103455037	3093.7440467126	5341.83185217922	773.34803703362	0.0701448498351393	2287.85974917834
199	4017.67639158346	3074.82053322361	4770.62333927159	302.522044734645	0.0099588548804785	1380.11878336506
201	4986.78985250649	3626.31574287848	6122.76979461967	894.115792610052	0.127072732515915	2583.68157018536
203	5160.0850359494	3798.88951633085	6300.54626994841	925.764042622575	0.0744328835733258	2599.28272818131
205	5665.1436543584	4645.80127851826	6435.44059152142	289.82721434172	0.0102747610490406	1386.25732055846
207	5943.44995527551	4751.19793032232	6755.96790204312	315.454799615673	0.0225119475589299	1563.93356870527
209	4329.64021470183	3094.88601173961	5737.87601484274	2288.48800509748	430.582663364106	3837.30105071261
211	4277.8464375208	3051.44592105794	5443.50710426336	1000.36769133907	0.35129759985007	2575.256895552
213	4348.83174237394	3276.17611306702	5174.84427078468	479.463306079762	0.0431895132378492	1813.86115538019
215	3605.16146164402	2841.45864606389	4353.82353252448	181.608590627316	0.00730166286051393	951.445971136408
217	4651.24615970657	3586.51153755444	5480.99370370092	419.22858600643	0.00909112122004141	1664.63686058726
219	6449.22337488879	5027.98525564244	7546.35449798149	840.714480553095	0.230238594567902	2524.26022170509
221	3950.0472680811	3263.338494745	4783.73690856435	112.709983088729	0.00700891899225505	639.821697048745
223	4411.46281642516	3228.2507541731	5390.33425001211	687.684524997757	0.0984411864620443	2180.39099505556
225	4180.75918333095	3386.37027709556	4952.97363805569	187.248203472164	0.00185467881378312	992.402785040732
227	4109.10905748677	3153.88790572167	4853.44877663136	310.289891994878	0.00864284790100022	1407.94600959115
229	5927.10288214224	4856.54606088792	6723.94224649164	314.859824712373	0.00303135544497635	1480.3750702602
231	4113.04722282972	3205.68674257303	4857.73864159699	311.452947558872	0.00653087740230065	1342.56526413724
233	4163.00765000138	3304.66851136991	4890.54500094787	229.893050027355	0.00286867250937318	1174.31806936871
235	4667.76472080568	3601.03490677138	5455.17182682565	396.731898105446	0.0187567667997774	1639.92142416835
237	5693.43371098214	4818.428445075	6515.48009078793	202.321379844078	0.0139119439662211	1060.65613011574
