"days"	"hours"	"rep"	"total"	"spore"	"total_dil"	"spor_dil"	"tot.ab"	"veg.ab"	"spo.ab"	"prop.veg"	"prop.spor"
"1"	0	0	"A"	49	35	4	4	4900000	1400000	3500000	0.285714285714286	0.714285714285714
"2"	0	0	"B"	38	41	4	4	3800000	-3e+05	4100000	-0.0789473684210527	1.07894736842105
"3"	0	0	"C"	35	33	4	4	3500000	2e+05	3300000	0.0571428571428572	0.942857142857143
"4"	0	0	"D"	37	38	4	4	3700000	-1e+05	3800000	-0.027027027027027	1.02702702702703
"5"	1	24	"A"	30	41	4	4	3e+06	-1100000	4100000	-0.366666666666667	1.36666666666667
"6"	1	24	"B"	50	49	4	4	5e+06	1e+05	4900000	0.02	0.98
"7"	1	24	"C"	22	30	4	4	2200000	-8e+05	3e+06	-0.363636363636364	1.36363636363636
"8"	1	24	"D"	33	30	4	4	3300000	3e+05	3e+06	0.0909090909090909	0.909090909090909
"9"	2	48	"A"	41	33	4	4	4100000	8e+05	3300000	0.195121951219512	0.804878048780488
"10"	2	48	"B"	42	40	4	4	4200000	2e+05	4e+06	0.0476190476190477	0.952380952380952
"11"	2	48	"C"	46	47	4	4	4600000	-1e+05	4700000	-0.0217391304347827	1.02173913043478
"12"	2	48	"D"	40	38	4	4	4e+06	2e+05	3800000	0.05	0.95
"13"	4	96	"A"	36	25	4	4	3600000	1100000	2500000	0.305555555555556	0.694444444444444
"14"	4	96	"B"	35	47	4	4	3500000	-1200000	4700000	-0.342857142857143	1.34285714285714
"15"	4	96	"C"	41	32	4	4	4100000	9e+05	3200000	0.219512195121951	0.780487804878049
"16"	4	96	"D"	50	54	4	4	5e+06	-4e+05	5400000	-0.0800000000000001	1.08
"17"	6	144	"A"	63	50	4	4	6300000	1300000	5e+06	0.206349206349206	0.793650793650794
"18"	6	144	"B"	62	63	4	4	6200000	-1e+05	6300000	-0.0161290322580645	1.01612903225806
"19"	6	144	"C"	61	48	4	4	6100000	1300000	4800000	0.213114754098361	0.786885245901639
"20"	6	144	"D"	47	49	4	4	4700000	-2e+05	4900000	-0.0425531914893618	1.04255319148936
"21"	8	192	"A"	69	57	4	4	6900000	1200000	5700000	0.173913043478261	0.826086956521739
"22"	8	192	"B"	52	53	4	4	5200000	-1e+05	5300000	-0.0192307692307692	1.01923076923077
"23"	8	192	"C"	42	60	4	4	4200000	-1800000	6e+06	-0.428571428571429	1.42857142857143
"24"	8	192	"D"	43	54	4	4	4300000	-1100000	5400000	-0.255813953488372	1.25581395348837
"25"	10	240	"A"	38	41	4	4	3800000	-3e+05	4100000	-0.0789473684210527	1.07894736842105
"26"	10	240	"B"	63	51	4	4	6300000	1200000	5100000	0.19047619047619	0.80952380952381
"27"	10	240	"C"	43	53	4	4	4300000	-1e+06	5300000	-0.232558139534884	1.23255813953488
"28"	10	240	"D"	69	79	4	4	6900000	-1e+06	7900000	-0.144927536231884	1.14492753623188
"29"	12	288	"A"	54	47	4	4	5400000	7e+05	4700000	0.12962962962963	0.87037037037037
"30"	12	288	"B"	46	43	4	4	4600000	3e+05	4300000	0.0652173913043478	0.934782608695652
"31"	12	288	"C"	40	41	4	4	4e+06	-1e+05	4100000	-0.0249999999999999	1.025
"32"	12	288	"D"	50	46	4	4	5e+06	4e+05	4600000	0.08	0.92
"33"	14	336	"A"	38	46	4	4	3800000	-8e+05	4600000	-0.210526315789474	1.21052631578947
"34"	14	336	"B"	54	46	4	4	5400000	8e+05	4600000	0.148148148148148	0.851851851851852
"35"	14	336	"C"	38	53	4	4	3800000	-1500000	5300000	-0.394736842105263	1.39473684210526
"36"	14	336	"D"	53	45	4	4	5300000	8e+05	4500000	0.150943396226415	0.849056603773585
"37"	16	384	"A"	49	29	4	4	4900000	2e+06	2900000	0.408163265306122	0.591836734693878
"38"	16	384	"B"	56	49	4	4	5600000	7e+05	4900000	0.125	0.875
"39"	16	384	"C"	44	29	4	4	4400000	1500000	2900000	0.340909090909091	0.659090909090909
"40"	16	384	"D"	45	32	4	4	4500000	1300000	3200000	0.288888888888889	0.711111111111111
"41"	18	432	"A"	49	47	4	4	4900000	2e+05	4700000	0.0408163265306123	0.959183673469388
"42"	18	432	"B"	48	51	4	4	4800000	-3e+05	5100000	-0.0625	1.0625
"43"	18	432	"C"	53	50	4	4	5300000	3e+05	5e+06	0.0566037735849056	0.943396226415094
"44"	18	432	"D"	49	57	4	4	4900000	-8e+05	5700000	-0.163265306122449	1.16326530612245
"45"	20	480	"A"	36	28	4	4	3600000	8e+05	2800000	0.222222222222222	0.777777777777778
"46"	20	480	"B"	50	46	4	4	5e+06	4e+05	4600000	0.08	0.92
"47"	20	480	"C"	45	35	4	4	4500000	1e+06	3500000	0.222222222222222	0.777777777777778
"48"	20	480	"D"	48	33	4	4	4800000	1500000	3300000	0.3125	0.6875
"49"	22	528	"A"	52	48	4	4	5200000	4e+05	4800000	0.0769230769230769	0.923076923076923
"50"	22	528	"B"	57	34	4	4	5700000	2300000	3400000	0.403508771929825	0.596491228070175
"51"	22	528	"C"	50	60	4	4	5e+06	-1e+06	6e+06	-0.2	1.2
"52"	22	528	"D"	68	57	4	4	6800000	1100000	5700000	0.161764705882353	0.838235294117647
"53"	24	576	"A"	52	50	4	4	5200000	2e+05	5e+06	0.0384615384615384	0.961538461538462
"54"	24	576	"B"	64	51	4	4	6400000	1300000	5100000	0.203125	0.796875
"55"	24	576	"C"	41	64	4	4	4100000	-2300000	6400000	-0.560975609756098	1.5609756097561
"56"	24	576	"D"	61	49	4	4	6100000	1200000	4900000	0.19672131147541	0.80327868852459
"57"	26	624	"A"	52	56	4	4	5200000	-4e+05	5600000	-0.0769230769230769	1.07692307692308
"58"	26	624	"B"	58	60	4	4	5800000	-2e+05	6e+06	-0.0344827586206897	1.03448275862069
"59"	26	624	"C"	48	42	4	4	4800000	6e+05	4200000	0.125	0.875
"60"	26	624	"D"	62	48	4	4	6200000	1400000	4800000	0.225806451612903	0.774193548387097
"61"	28	672	"A"	59	54	4	4	5900000	5e+05	5400000	0.0847457627118644	0.915254237288136
"62"	28	672	"B"	70	46	4	4	7e+06	2400000	4600000	0.342857142857143	0.657142857142857
"63"	28	672	"C"	65	58	4	4	6500000	7e+05	5800000	0.107692307692308	0.892307692307692
"64"	28	672	"D"	57	57	4	4	5700000	0	5700000	0	1
"65"	30	720	"A"	45	53	4	4	4500000	-8e+05	5300000	-0.177777777777778	1.17777777777778
"66"	30	720	"B"	57	48	4	4	5700000	9e+05	4800000	0.157894736842105	0.842105263157895
"67"	30	720	"C"	57	53	4	4	5700000	4e+05	5300000	0.0701754385964912	0.929824561403509
"68"	30	720	"D"	48	45	4	4	4800000	3e+05	4500000	0.0625	0.9375
"69"	32	768	"A"	54	42	4	4	5400000	1200000	4200000	0.222222222222222	0.777777777777778
"70"	32	768	"B"	62	49	4	4	6200000	1300000	4900000	0.209677419354839	0.790322580645161
"71"	32	768	"C"	45	55	4	4	4500000	-1e+06	5500000	-0.222222222222222	1.22222222222222
"72"	32	768	"D"	62	53	4	4	6200000	9e+05	5300000	0.145161290322581	0.854838709677419
"73"	34	816	"A"	46	45	4	4	4600000	1e+05	4500000	0.0217391304347826	0.978260869565217
"74"	34	816	"B"	54	49	4	4	5400000	5e+05	4900000	0.0925925925925926	0.907407407407407
"75"	34	816	"C"	60	44	4	4	6e+06	1600000	4400000	0.266666666666667	0.733333333333333
"76"	34	816	"D"	82	56	4	4	8200000	2600000	5600000	0.317073170731707	0.682926829268293
"77"	36	864	"A"	50	47	4	4	5e+06	3e+05	4700000	0.0600000000000001	0.94
"78"	36	864	"B"	58	46	4	4	5800000	1200000	4600000	0.206896551724138	0.793103448275862
"79"	36	864	"C"	53	51	4	4	5300000	2e+05	5100000	0.0377358490566038	0.962264150943396
"80"	36	864	"D"	66	54	4	4	6600000	1200000	5400000	0.181818181818182	0.818181818181818
"81"	38	912	"A"	50	47	4	4	5e+06	3e+05	4700000	0.0600000000000001	0.94
"82"	38	912	"B"	58	46	4	4	5800000	1200000	4600000	0.206896551724138	0.793103448275862
"83"	38	912	"C"	53	51	4	4	5300000	2e+05	5100000	0.0377358490566038	0.962264150943396
"84"	38	912	"D"	66	54	4	4	6600000	1200000	5400000	0.181818181818182	0.818181818181818
"85"	40	960	"A"	51	39	4	4	5100000	1200000	3900000	0.235294117647059	0.764705882352941
"86"	40	960	"B"	56	41	4	4	5600000	1500000	4100000	0.267857142857143	0.732142857142857
"87"	40	960	"C"	53	38	4	4	5300000	1500000	3800000	0.283018867924528	0.716981132075472
"88"	40	960	"D"	64	48	4	4	6400000	1600000	4800000	0.25	0.75
"89"	42	1008	"A"	45	45	4	4	4500000	0	4500000	0	1
"90"	42	1008	"B"	43	45	4	4	4300000	-2e+05	4500000	-0.0465116279069768	1.04651162790698
"91"	42	1008	"C"	51	52	4	4	5100000	-1e+05	5200000	-0.0196078431372548	1.01960784313725
"92"	42	1008	"D"	58	54	4	4	5800000	4e+05	5400000	0.0689655172413793	0.931034482758621
"93"	44	1056	"A"	44	43	4	4	4400000	1e+05	4300000	0.0227272727272727	0.977272727272727
"94"	44	1056	"B"	42	41	4	4	4200000	1e+05	4100000	0.0238095238095238	0.976190476190476
"95"	44	1056	"C"	48	33	4	4	4800000	1500000	3300000	0.3125	0.6875
"96"	44	1056	"D"	55	49	4	4	5500000	6e+05	4900000	0.109090909090909	0.890909090909091
"97"	46	1104	"A"	30	46	4	4	3e+06	-1600000	4600000	-0.533333333333333	1.53333333333333
"98"	46	1104	"B"	41	47	4	4	4100000	-6e+05	4700000	-0.146341463414634	1.14634146341463
"99"	46	1104	"C"	41	33	4	4	4100000	8e+05	3300000	0.195121951219512	0.804878048780488
"100"	46	1104	"D"	55	50	4	4	5500000	5e+05	5e+06	0.0909090909090909	0.909090909090909
"101"	48	1152	"A"	53	52	4	4	5300000	1e+05	5200000	0.0188679245283019	0.981132075471698
"102"	48	1152	"B"	64	66	4	4	6400000	-2e+05	6600000	-0.03125	1.03125
"103"	48	1152	"C"	42	57	4	4	4200000	-1500000	5700000	-0.357142857142857	1.35714285714286
"104"	48	1152	"D"	36	46	4	4	3600000	-1e+06	4600000	-0.277777777777778	1.27777777777778
"105"	50	1200	"A"	49	46	4	4	4900000	3e+05	4600000	0.0612244897959183	0.938775510204082
"106"	50	1200	"B"	40	43	4	4	4e+06	-3e+05	4300000	-0.075	1.075
"107"	50	1200	"C"	39	33	4	4	3900000	6e+05	3300000	0.153846153846154	0.846153846153846
"108"	50	1200	"D"	48	38	4	4	4800000	1e+06	3800000	0.208333333333333	0.791666666666667
"109"	52	1248	"A"	41	42	4	4	4100000	-1e+05	4200000	-0.024390243902439	1.02439024390244
"110"	52	1248	"B"	50	43	4	4	5e+06	7e+05	4300000	0.14	0.86
"111"	52	1248	"C"	35	29	4	4	3500000	6e+05	2900000	0.171428571428571	0.828571428571429
"112"	52	1248	"D"	57	39	4	4	5700000	1800000	3900000	0.315789473684211	0.684210526315789
"113"	54	1296	"A"	48	40	4	4	4800000	8e+05	4e+06	0.166666666666667	0.833333333333333
"114"	54	1296	"B"	61	60	4	4	6100000	1e+05	6e+06	0.0163934426229508	0.983606557377049
"115"	54	1296	"C"	49	47	4	4	4900000	2e+05	4700000	0.0408163265306123	0.959183673469388
"116"	54	1296	"D"	56	58	4	4	5600000	-2e+05	5800000	-0.0357142857142858	1.03571428571429
"117"	56	1344	"A"	40	43	4	4	4e+06	-3e+05	4300000	-0.075	1.075
"118"	56	1344	"B"	42	46	4	4	4200000	-4e+05	4600000	-0.0952380952380953	1.0952380952381
"119"	56	1344	"C"	51	43	4	4	5100000	8e+05	4300000	0.156862745098039	0.843137254901961
"120"	56	1344	"D"	44	49	4	4	4400000	-5e+05	4900000	-0.113636363636364	1.11363636363636
